0.00,0.19,0.00,0.68,0.01,0.38,0.56,0.55,0.08,0.49,0.76,0.65,0.86,0.60,0.69,0.13,0.08,0.07,0.58,0.28,0.85,0.80,0.16,0.06,0.19,0.32,0.82,0.18,0.86,0.17,0.01,0.74,0.50,0.83,0.18,0.38,0.26,0.03,0.10,0.82,0.11,0.27,0.31,0.06,0.26,0.38,0.44,0.41,0.09,0.44,0.69,0.75,0.32,0.40,0.01,0.69,0.75,0.01,0.23,0.17,0.73,0.36,0.21,0.88,0.47,0.85,0.58,0.49,0.76,0.21,0.56,0.75,0.22,0.83,0.62,0.31,0.68,0.27,0.46,0.65,0.69,0.73,0.06,0.65,0.35,0.49,0.32,0.00,0.39,0.87,0.72,0.89,0.15,0.15,0.08,0.40,0.14,0.49,0.46,0.78
0.19,0.00,0.19,0.48,0.19,0.19,0.37,0.36,0.11,0.30,0.57,0.46,0.67,0.41,0.49,0.06,0.12,0.26,0.39,0.08,0.66,0.61,0.03,0.25,0.00,0.12,0.63,0.01,0.67,0.02,0.20,0.55,0.31,0.64,0.02,0.19,0.07,0.16,0.09,0.63,0.30,0.08,0.12,0.13,0.07,0.19,0.24,0.22,0.29,0.25,0.50,0.55,0.12,0.21,0.19,0.50,0.56,0.18,0.04,0.02,0.54,0.17,0.02,0.69,0.28,0.65,0.39,0.30,0.57,0.01,0.37,0.56,0.02,0.64,0.43,0.12,0.48,0.08,0.27,0.46,0.49,0.53,0.25,0.46,0.16,0.30,0.13,0.19,0.20,0.68,0.53,0.70,0.04,0.04,0.11,0.21,0.05,0.30,0.27,0.58
0.00,0.19,0.00,0.67,0.00,0.38,0.55,0.55,0.08,0.48,0.75,0.65,0.86,0.60,0.68,0.13,0.07,0.07,0.58,0.27,0.85,0.80,0.16,0.06,0.19,0.31,0.82,0.18,0.85,0.17,0.01,0.74,0.50,0.83,0.17,0.37,0.25,0.03,0.10,0.82,0.11,0.27,0.31,0.06,0.26,0.37,0.43,0.40,0.10,0.44,0.69,0.74,0.31,0.39,0.00,0.69,0.75,0.01,0.23,0.17,0.73,0.36,0.21,0.88,0.47,0.84,0.58,0.49,0.76,0.20,0.56,0.75,0.21,0.83,0.61,0.31,0.67,0.27,0.46,0.65,0.68,0.72,0.06,0.65,0.35,0.49,0.32,0.00,0.39,0.86,0.72,0.89,0.15,0.15,0.07,0.40,0.13,0.49,0.45,0.77
0.68,0.48,0.67,0.00,0.67,0.29,0.12,0.13,0.59,0.19,0.08,0.02,0.19,0.08,0.01,0.54,0.60,0.74,0.10,0.40,0.17,0.13,0.51,0.73,0.48,0.36,0.14,0.49,0.18,0.51,0.68,0.06,0.17,0.16,0.50,0.30,0.42,0.65,0.57,0.15,0.79,0.41,0.37,0.61,0.42,0.30,0.24,0.27,0.77,0.23,0.01,0.07,0.36,0.28,0.67,0.02,0.07,0.67,0.44,0.51,0.05,0.31,0.47,0.21,0.21,0.17,0.10,0.18,0.09,0.47,0.11,0.08,0.46,0.16,0.06,0.37,0.00,0.41,0.22,0.03,0.01,0.05,0.73,0.03,0.33,0.19,0.36,0.68,0.28,0.19,0.05,0.21,0.53,0.52,0.60,0.28,0.54,0.19,0.22,0.10
0.01,0.19,0.00,0.67,0.00,0.38,0.55,0.54,0.08,0.48,0.75,0.65,0.86,0.60,0.68,0.13,0.07,0.07,0.58,0.27,0.85,0.80,0.16,0.06,0.19,0.31,0.81,0.18,0.85,0.16,0.01,0.73,0.50,0.83,0.17,0.37,0.25,0.02,0.10,0.82,0.11,0.27,0.30,0.06,0.26,0.37,0.43,0.40,0.10,0.44,0.68,0.74,0.31,0.39,0.00,0.69,0.74,0.00,0.23,0.17,0.73,0.36,0.20,0.88,0.47,0.84,0.58,0.49,0.76,0.20,0.56,0.75,0.21,0.83,0.61,0.30,0.67,0.27,0.45,0.65,0.68,0.72,0.06,0.64,0.35,0.48,0.32,0.01,0.39,0.86,0.72,0.89,0.15,0.15,0.07,0.40,0.13,0.49,0.45,0.77
0.38,0.19,0.38,0.29,0.38,0.00,0.18,0.17,0.30,0.11,0.38,0.27,0.48,0.22,0.30,0.25,0.31,0.45,0.20,0.11,0.47,0.42,0.22,0.44,0.19,0.07,0.44,0.20,0.48,0.21,0.39,0.36,0.12,0.45,0.21,0.00,0.12,0.35,0.28,0.44,0.49,0.11,0.07,0.32,0.12,0.00,0.05,0.03,0.48,0.06,0.31,0.36,0.07,0.02,0.38,0.31,0.37,0.37,0.15,0.21,0.35,0.02,0.17,0.50,0.09,0.46,0.20,0.11,0.38,0.18,0.18,0.37,0.17,0.45,0.23,0.07,0.29,0.11,0.08,0.27,0.30,0.34,0.44,0.27,0.03,0.11,0.06,0.38,0.01,0.49,0.34,0.51,0.23,0.23,0.30,0.02,0.24,0.11,0.08,0.39
0.56,0.37,0.55,0.12,0.55,0.18,0.00,0.01,0.47,0.07,0.20,0.09,0.31,0.04,0.13,0.43,0.48,0.63,0.02,0.28,0.29,0.25,0.40,0.62,0.37,0.24,0.26,0.37,0.30,0.39,0.56,0.18,0.06,0.27,0.38,0.18,0.30,0.53,0.46,0.26,0.67,0.29,0.25,0.49,0.30,0.18,0.12,0.15,0.65,0.11,0.13,0.19,0.24,0.16,0.55,0.13,0.19,0.55,0.33,0.39,0.17,0.19,0.35,0.32,0.09,0.29,0.02,0.07,0.21,0.35,0.00,0.20,0.34,0.27,0.06,0.25,0.12,0.29,0.10,0.09,0.13,0.17,0.62,0.09,0.21,0.07,0.24,0.56,0.17,0.31,0.16,0.33,0.41,0.40,0.48,0.16,0.42,0.07,0.10,0.22
0.55,0.36,0.55,0.13,0.54,0.17,0.01,0.00,0.47,0.06,0.21,0.10,0.32,0.05,0.14,0.42,0.47,0.62,0.03,0.27,0.30,0.25,0.39,0.61,0.36,0.23,0.27,0.36,0.31,0.38,0.55,0.19,0.05,0.28,0.37,0.17,0.29,0.52,0.45,0.27,0.66,0.28,0.24,0.48,0.29,0.17,0.11,0.14,0.64,0.10,0.14,0.20,0.23,0.15,0.54,0.14,0.20,0.54,0.32,0.38,0.18,0.19,0.34,0.33,0.08,0.30,0.03,0.06,0.21,0.34,0.01,0.21,0.33,0.28,0.07,0.24,0.13,0.28,0.09,0.10,0.14,0.18,0.61,0.10,0.20,0.06,0.23,0.55,0.16,0.32,0.17,0.34,0.40,0.40,0.47,0.15,0.41,0.06,0.09,0.23
0.08,0.11,0.08,0.59,0.08,0.30,0.47,0.47,0.00,0.40,0.67,0.57,0.78,0.52,0.60,0.05,0.01,0.15,0.50,0.19,0.77,0.72,0.08,0.14,0.11,0.23,0.74,0.10,0.77,0.09,0.09,0.66,0.42,0.75,0.09,0.30,0.18,0.05,0.02,0.74,0.19,0.19,0.23,0.02,0.18,0.29,0.35,0.32,0.18,0.36,0.61,0.66,0.23,0.31,0.08,0.61,0.67,0.07,0.15,0.09,0.65,0.28,0.13,0.80,0.39,0.76,0.50,0.41,0.68,0.12,0.48,0.67,0.13,0.75,0.53,0.23,0.59,0.19,0.38,0.57,0.60,0.64,0.14,0.57,0.27,0.41,0.24,0.08,0.31,0.79,0.64,0.81,0.07,0.07,0.00,0.32,0.05,0.41,0.37,0.69
0.49,0.30,0.48,0.19,0.48,0.11,0.07,0.06,0.40,0.00,0.27,0.16,0.38,0.11,0.20,0.36,0.41,0.55,0.09,0.21,0.36,0.32,0.33,0.55,0.29,0.17,0.33,0.30,0.37,0.32,0.49,0.25,0.02,0.34,0.31,0.11,0.23,0.46,0.39,0.33,0.60,0.22,0.18,0.42,0.23,0.11,0.05,0.08,0.58,0.04,0.20,0.26,0.17,0.09,0.48,0.20,0.26,0.48,0.26,0.32,0.24,0.12,0.28,0.39,0.02,0.36,0.09,0.01,0.28,0.28,0.07,0.27,0.27,0.35,0.13,0.18,0.19,0.22,0.03,0.16,0.20,0.24,0.54,0.16,0.14,0.00,0.17,0.49,0.10,0.38,0.23,0.40,0.34,0.33,0.41,0.09,0.35,0.00,0.03,0.29
0.76,0.57,0.75,0.08,0.75,0.38,0.20,0.21,0.67,0.27,0.00,0.11,0.11,0.16,0.07,0.63,0.68,0.83,0.18,0.48,0.09,0.05,0.60,0.82,0.57,0.44,0.06,0.57,0.10,0.59,0.76,0.02,0.25,0.07,0.58,0.38,0.50,0.73,0.66,0.06,0.87,0.49,0.45,0.69,0.50,0.38,0.32,0.35,0.85,0.31,0.07,0.01,0.44,0.36,0.75,0.07,0.01,0.75,0.53,0.59,0.03,0.39,0.55,0.12,0.29,0.09,0.18,0.27,0.01,0.55,0.20,0.00,0.54,0.07,0.14,0.45,0.08,0.49,0.30,0.11,0.07,0.03,0.81,0.11,0.41,0.27,0.44,0.76,0.37,0.11,0.04,0.13,0.61,0.60,0.68,0.36,0.62,0.27,0.30,0.02
0.65,0.46,0.65,0.02,0.65,0.27,0.09,0.10,0.57,0.16,0.11,0.00,0.21,0.05,0.03,0.52,0.58,0.72,0.07,0.38,0.20,0.15,0.49,0.71,0.46,0.34,0.17,0.47,0.21,0.48,0.66,0.09,0.15,0.18,0.48,0.27,0.39,0.62,0.55,0.17,0.76,0.38,0.34,0.59,0.39,0.27,0.22,0.24,0.75,0.21,0.04,0.09,0.34,0.25,0.65,0.04,0.10,0.64,0.42,0.48,0.08,0.29,0.44,0.23,0.18,0.19,0.07,0.16,0.11,0.45,0.09,0.10,0.44,0.18,0.04,0.34,0.02,0.38,0.19,0.00,0.03,0.07,0.71,0.00,0.30,0.16,0.33,0.65,0.26,0.22,0.07,0.24,0.50,0.50,0.57,0.25,0.51,0.16,0.19,0.12
0.86,0.67,0.86,0.19,0.86,0.48,0.31,0.32,0.78,0.38,0.11,0.21,0.00,0.26,0.18,0.73,0.79,0.93,0.28,0.59,0.01,0.06,0.70,0.92,0.67,0.55,0.04,0.68,0.01,0.70,0.87,0.12,0.36,0.03,0.69,0.49,0.61,0.83,0.76,0.04,0.97,0.59,0.56,0.80,0.60,0.49,0.43,0.46,0.96,0.42,0.17,0.12,0.55,0.47,0.86,0.17,0.11,0.86,0.63,0.69,0.13,0.50,0.65,0.02,0.39,0.02,0.28,0.37,0.10,0.66,0.30,0.11,0.65,0.03,0.25,0.55,0.19,0.59,0.41,0.21,0.18,0.14,0.92,0.21,0.51,0.38,0.54,0.86,0.47,0.00,0.14,0.03,0.71,0.71,0.79,0.46,0.73,0.37,0.41,0.09
0.60,0.41,0.60,0.08,0.60,0.22,0.04,0.05,0.52,0.11,0.16,0.05,0.26,0.00,0.08,0.47,0.53,0.67,0.02,0.33,0.25,0.20,0.44,0.66,0.41,0.29,0.22,0.42,0.26,0.43,0.61,0.14,0.10,0.23,0.42,0.22,0.34,0.57,0.50,0.22,0.71,0.33,0.29,0.54,0.34,0.22,0.16,0.19,0.70,0.16,0.09,0.14,0.29,0.20,0.59,0.09,0.15,0.59,0.37,0.43,0.13,0.24,0.39,0.28,0.13,0.24,0.02,0.11,0.16,0.39,0.04,0.15,0.38,0.23,0.02,0.29,0.07,0.33,0.14,0.05,0.08,0.12,0.66,0.05,0.25,0.11,0.28,0.60,0.21,0.27,0.12,0.29,0.45,0.45,0.52,0.20,0.46,0.11,0.14,0.17
0.69,0.49,0.68,0.01,0.68,0.30,0.13,0.14,0.60,0.20,0.07,0.03,0.18,0.08,0.00,0.55,0.61,0.75,0.10,0.41,0.17,0.12,0.52,0.74,0.49,0.37,0.13,0.50,0.17,0.52,0.69,0.05,0.18,0.15,0.51,0.31,0.43,0.65,0.58,0.14,0.79,0.41,0.38,0.62,0.42,0.31,0.25,0.28,0.78,0.24,0.00,0.06,0.37,0.29,0.68,0.01,0.06,0.68,0.45,0.51,0.05,0.32,0.47,0.20,0.21,0.16,0.10,0.19,0.08,0.48,0.12,0.07,0.47,0.15,0.07,0.38,0.01,0.41,0.23,0.03,0.00,0.04,0.74,0.04,0.33,0.20,0.36,0.69,0.29,0.18,0.04,0.21,0.53,0.53,0.61,0.28,0.55,0.19,0.23,0.09
0.13,0.06,0.13,0.54,0.13,0.25,0.43,0.42,0.05,0.36,0.63,0.52,0.73,0.47,0.55,0.00,0.06,0.20,0.45,0.14,0.72,0.67,0.03,0.19,0.06,0.18,0.69,0.05,0.73,0.04,0.14,0.61,0.37,0.70,0.05,0.25,0.13,0.10,0.03,0.69,0.24,0.14,0.18,0.07,0.13,0.25,0.30,0.28,0.23,0.31,0.56,0.61,0.18,0.27,0.13,0.56,0.62,0.12,0.10,0.04,0.60,0.23,0.08,0.75,0.34,0.71,0.45,0.36,0.63,0.08,0.43,0.62,0.09,0.70,0.49,0.18,0.54,0.14,0.33,0.52,0.55,0.59,0.19,0.52,0.22,0.36,0.19,0.13,0.26,0.74,0.59,0.76,0.02,0.02,0.05,0.27,0.01,0.36,0.33,0.64
0.08,0.12,0.07,0.60,0.07,0.31,0.48,0.47,0.01,0.41,0.68,0.58,0.79,0.53,0.61,0.06,0.00,0.14,0.51,0.20,0.78,0.73,0.09,0.13,0.12,0.24,0.74,0.11,0.78,0.09,0.08,0.66,0.43,0.76,0.10,0.30,0.18,0.05,0.03,0.75,0.18,0.20,0.23,0.01,0.19,0.30,0.36,0.33,0.17,0.37,0.61,0.67,0.24,0.32,0.07,0.62,0.67,0.07,0.16,0.10,0.66,0.29,0.13,0.81,0.40,0.77,0.51,0.42,0.69,0.13,0.49,0.68,0.14,0.76,0.54,0.23,0.60,0.20,0.38,0.58,0.61,0.65,0.13,0.57,0.28,0.41,0.25,0.08,0.32,0.79,0.65,0.82,0.08,0.08,0.00,0.33,0.06,0.42,0.38,0.70
0.07,0.26,0.07,0.74,0.07,0.45,0.63,0.62,0.15,0.55,0.83,0.72,0.93,0.67,0.75,0.20,0.14,0.00,0.65,0.34,0.92,0.87,0.23,0.01,0.26,0.38,0.89,0.25,0.93,0.24,0.06,0.81,0.57,0.90,0.24,0.45,0.33,0.10,0.17,0.89,0.04,0.34,0.38,0.13,0.33,0.44,0.50,0.48,0.03,0.51,0.76,0.81,0.38,0.46,0.07,0.76,0.82,0.08,0.30,0.24,0.80,0.43,0.28,0.95,0.54,0.91,0.65,0.56,0.83,0.27,0.63,0.82,0.28,0.90,0.68,0.38,0.74,0.34,0.53,0.72,0.75,0.79,0.01,0.72,0.42,0.56,0.39,0.07,0.46,0.94,0.79,0.96,0.22,0.22,0.15,0.47,0.21,0.56,0.52,0.84
0.58,0.39,0.58,0.10,0.58,0.20,0.02,0.03,0.50,0.09,0.18,0.07,0.28,0.02,0.10,0.45,0.51,0.65,0.00,0.31,0.27,0.22,0.42,0.64,0.39,0.27,0.24,0.40,0.28,0.41,0.59,0.16,0.08,0.25,0.40,0.20,0.32,0.55,0.48,0.24,0.69,0.31,0.27,0.52,0.32,0.20,0.14,0.17,0.68,0.14,0.11,0.16,0.27,0.18,0.57,0.11,0.17,0.57,0.35,0.41,0.15,0.22,0.37,0.30,0.11,0.26,0.00,0.09,0.18,0.37,0.02,0.17,0.36,0.25,0.04,0.27,0.09,0.31,0.12,0.07,0.10,0.14,0.64,0.07,0.23,0.09,0.26,0.58,0.19,0.29,0.14,0.31,0.43,0.43,0.50,0.18,0.44,0.09,0.12,0.19
0.28,0.08,0.27,0.40,0.27,0.11,0.28,0.27,0.19,0.21,0.48,0.38,0.59,0.33,0.41,0.14,0.20,0.34,0.31,0.00,0.57,0.53,0.11,0.33,0.08,0.04,0.54,0.09,0.58,0.11,0.28,0.46,0.23,0.56,0.10,0.10,0.02,0.25,0.17,0.55,0.38,0.01,0.03,0.21,0.02,0.10,0.16,0.13,0.37,0.17,0.41,0.47,0.04,0.12,0.27,0.42,0.47,0.27,0.04,0.10,0.46,0.09,0.07,0.61,0.20,0.57,0.31,0.22,0.49,0.07,0.29,0.48,0.06,0.56,0.34,0.03,0.40,0.00,0.18,0.38,0.41,0.45,0.33,0.37,0.08,0.21,0.05,0.28,0.12,0.59,0.45,0.62,0.12,0.12,0.20,0.13,0.14,0.22,0.18,0.50
0.85,0.66,0.85,0.17,0.85,0.47,0.29,0.30,0.77,0.36,0.09,0.20,0.01,0.25,0.17,0.72,0.78,0.92,0.27,0.57,0.00,0.05,0.69,0.91,0.66,0.54,0.03,0.67,0.01,0.68,0.86,0.11,0.35,0.02,0.67,0.47,0.59,0.82,0.75,0.03,0.96,0.58,0.54,0.79,0.59,0.47,0.41,0.44,0.94,0.41,0.16,0.10,0.54,0.45,0.84,0.16,0.10,0.84,0.62,0.68,0.12,0.49,0.64,0.03,0.38,0.00,0.27,0.36,0.09,0.64,0.29,0.10,0.63,0.02,0.23,0.54,0.17,0.58,0.39,0.20,0.17,0.12,0.91,0.20,0.50,0.36,0.53,0.85,0.46,0.02,0.13,0.04,0.70,0.70,0.77,0.45,0.71,0.36,0.39,0.07
0.80,0.61,0.80,0.13,0.80,0.42,0.25,0.25,0.72,0.32,0.05,0.15,0.06,0.20,0.12,0.67,0.73,0.87,0.22,0.53,0.05,0.00,0.64,0.86,0.61,0.49,0.02,0.62,0.05,0.63,0.81,0.06,0.30,0.03,0.63,0.42,0.54,0.77,0.70,0.02,0.91,0.53,0.49,0.74,0.54,0.43,0.37,0.40,0.90,0.36,0.11,0.06,0.49,0.41,0.80,0.11,0.05,0.79,0.57,0.63,0.07,0.44,0.59,0.08,0.33,0.04,0.22,0.31,0.04,0.60,0.24,0.05,0.59,0.03,0.19,0.49,0.13,0.53,0.34,0.15,0.12,0.08,0.86,0.15,0.45,0.31,0.48,0.80,0.41,0.07,0.08,0.09,0.65,0.65,0.72,0.40,0.67,0.31,0.35,0.03
0.16,0.03,0.16,0.51,0.16,0.22,0.40,0.39,0.08,0.33,0.60,0.49,0.70,0.44,0.52,0.03,0.09,0.23,0.42,0.11,0.69,0.64,0.00,0.22,0.03,0.15,0.66,0.02,0.70,0.01,0.17,0.58,0.34,0.67,0.01,0.22,0.10,0.13,0.06,0.66,0.27,0.11,0.15,0.10,0.10,0.22,0.27,0.25,0.26,0.28,0.53,0.58,0.15,0.24,0.16,0.53,0.59,0.15,0.07,0.01,0.57,0.20,0.05,0.72,0.31,0.68,0.42,0.33,0.60,0.05,0.40,0.59,0.05,0.67,0.46,0.15,0.51,0.11,0.30,0.49,0.52,0.56,0.22,0.49,0.19,0.33,0.16,0.16,0.23,0.71,0.56,0.73,0.01,0.01,0.08,0.24,0.02,0.33,0.30,0.61
0.06,0.25,0.06,0.73,0.06,0.44,0.62,0.61,0.14,0.55,0.82,0.71,0.92,0.66,0.74,0.19,0.13,0.01,0.64,0.33,0.91,0.86,0.22,0.00,0.25,0.37,0.88,0.24,0.92,0.23,0.05,0.80,0.56,0.89,0.23,0.44,0.32,0.09,0.16,0.88,0.05,0.33,0.37,0.12,0.32,0.43,0.49,0.47,0.04,0.50,0.75,0.80,0.37,0.45,0.06,0.75,0.81,0.07,0.29,0.23,0.79,0.42,0.27,0.94,0.53,0.90,0.64,0.55,0.82,0.26,0.62,0.81,0.27,0.89,0.67,0.37,0.73,0.33,0.52,0.71,0.74,0.78,0.00,0.71,0.41,0.55,0.38,0.06,0.45,0.93,0.78,0.95,0.21,0.21,0.14,0.46,0.20,0.55,0.52,0.83
0.19,0.00,0.19,0.48,0.19,0.19,0.37,0.36,0.11,0.29,0.57,0.46,0.67,0.41,0.49,0.06,0.12,0.26,0.39,0.08,0.66,0.61,0.03,0.25,0.00,0.12,0.63,0.01,0.67,0.02,0.20,0.55,0.31,0.64,0.02,0.19,0.07,0.16,0.09,0.63,0.30,0.08,0.12,0.13,0.07,0.18,0.24,0.22,0.29,0.25,0.50,0.55,0.12,0.20,0.19,0.50,0.56,0.18,0.04,0.02,0.54,0.17,0.02,0.69,0.28,0.65,0.39,0.30,0.57,0.01,0.37,0.56,0.02,0.64,0.42,0.12,0.48,0.08,0.27,0.46,0.49,0.53,0.25,0.46,0.16,0.30,0.13,0.19,0.20,0.68,0.53,0.70,0.04,0.04,0.11,0.21,0.05,0.30,0.27,0.58
0.32,0.12,0.31,0.36,0.31,0.07,0.24,0.23,0.23,0.17,0.44,0.34,0.55,0.29,0.37,0.18,0.24,0.38,0.27,0.04,0.54,0.49,0.15,0.37,0.12,0.00,0.50,0.13,0.54,0.15,0.32,0.42,0.19,0.52,0.14,0.06,0.06,0.29,0.21,0.51,0.42,0.04,0.01,0.25,0.05,0.06,0.12,0.09,0.41,0.13,0.37,0.43,0.00,0.08,0.31,0.38,0.43,0.31,0.08,0.14,0.42,0.05,0.11,0.57,0.16,0.53,0.27,0.18,0.45,0.11,0.25,0.44,0.10,0.52,0.30,0.01,0.36,0.04,0.14,0.34,0.37,0.41,0.37,0.33,0.04,0.17,0.01,0.32,0.08,0.55,0.41,0.58,0.16,0.16,0.24,0.09,0.18,0.18,0.14,0.46
0.82,0.63,0.82,0.14,0.81,0.44,0.26,0.27,0.74,0.33,0.06,0.17,0.04,0.22,0.13,0.69,0.74,0.89,0.24,0.54,0.03,0.02,0.66,0.88,0.63,0.50,0.00,0.64,0.04,0.65,0.83,0.08,0.32,0.01,0.64,0.44,0.56,0.79,0.72,0.00,0.93,0.55,0.51,0.76,0.56,0.44,0.38,0.41,0.91,0.37,0.13,0.07,0.50,0.42,0.81,0.13,0.07,0.81,0.59,0.65,0.09,0.46,0.61,0.06,0.35,0.03,0.24,0.33,0.06,0.61,0.26,0.07,0.60,0.01,0.20,0.51,0.14,0.55,0.36,0.17,0.13,0.09,0.88,0.17,0.47,0.33,0.50,0.82,0.43,0.05,0.10,0.07,0.67,0.67,0.74,0.42,0.68,0.33,0.36,0.04
0.18,0.01,0.18,0.49,0.18,0.20,0.37,0.36,0.10,0.30,0.57,0.47,0.68,0.42,0.50,0.05,0.11,0.25,0.40,0.09,0.67,0.62,0.02,0.24,0.01,0.13,0.64,0.00,0.67,0.01,0.19,0.56,0.32,0.65,0.01,0.19,0.07,0.15,0.08,0.64,0.29,0.09,0.13,0.12,0.08,0.19,0.25,0.22,0.28,0.26,0.51,0.56,0.13,0.21,0.18,0.51,0.57,0.17,0.05,0.01,0.55,0.18,0.03,0.70,0.29,0.66,0.40,0.31,0.58,0.02,0.38,0.57,0.03,0.65,0.43,0.13,0.49,0.09,0.28,0.47,0.50,0.54,0.24,0.47,0.17,0.31,0.14,0.18,0.21,0.68,0.54,0.71,0.03,0.03,0.11,0.22,0.05,0.31,0.27,0.59
0.86,0.67,0.85,0.18,0.85,0.48,0.30,0.31,0.77,0.37,0.10,0.21,0.01,0.26,0.17,0.73,0.78,0.93,0.28,0.58,0.01,0.05,0.70,0.92,0.67,0.54,0.04,0.67,0.00,0.69,0.86,0.12,0.36,0.03,0.68,0.48,0.60,0.83,0.76,0.04,0.97,0.59,0.55,0.79,0.60,0.48,0.42,0.45,0.95,0.41,0.17,0.11,0.54,0.46,0.85,0.17,0.11,0.85,0.63,0.69,0.13,0.49,0.65,0.02,0.39,0.01,0.28,0.37,0.09,0.65,0.30,0.10,0.64,0.03,0.24,0.55,0.18,0.59,0.40,0.21,0.17,0.13,0.92,0.21,0.51,0.37,0.54,0.86,0.47,0.01,0.14,0.03,0.71,0.70,0.78,0.46,0.72,0.37,0.40,0.08
0.17,0.02,0.17,0.51,0.16,0.21,0.39,0.38,0.09,0.32,0.59,0.48,0.70,0.43,0.52,0.04,0.09,0.24,0.41,0.11,0.68,0.63,0.01,0.23,0.02,0.15,0.65,0.01,0.69,0.00,0.17,0.57,0.33,0.66,0.01,0.21,0.09,0.14,0.07,0.65,0.28,0.10,0.14,0.10,0.09,0.21,0.27,0.24,0.26,0.28,0.52,0.58,0.15,0.23,0.16,0.52,0.58,0.16,0.06,0.00,0.56,0.19,0.04,0.71,0.30,0.68,0.41,0.32,0.59,0.04,0.39,0.59,0.05,0.66,0.45,0.14,0.51,0.10,0.29,0.48,0.52,0.56,0.23,0.48,0.18,0.32,0.15,0.17,0.22,0.70,0.55,0.72,0.02,0.02,0.09,0.23,0.03,0.32,0.29,0.61
0.01,0.20,0.01,0.68,0.01,0.39,0.56,0.55,0.09,0.49,0.76,0.66,0.87,0.61,0.69,0.14,0.08,0.06,0.59,0.28,0.86,0.81,0.17,0.05,0.20,0.32,0.83,0.19,0.86,0.17,0.00,0.74,0.51,0.84,0.18,0.38,0.26,0.04,0.11,0.83,0.10,0.28,0.31,0.07,0.27,0.38,0.44,0.41,0.09,0.45,0.70,0.75,0.32,0.40,0.01,0.70,0.75,0.01,0.24,0.18,0.74,0.37,0.22,0.89,0.48,0.85,0.59,0.50,0.77,0.21,0.57,0.76,0.22,0.84,0.62,0.31,0.68,0.28,0.46,0.66,0.69,0.73,0.05,0.65,0.36,0.49,0.33,0.00,0.40,0.87,0.73,0.90,0.16,0.16,0.08,0.41,0.14,0.50,0.46,0.78
0.74,0.55,0.74,0.06,0.73,0.36,0.18,0.19,0.66,0.25,0.02,0.09,0.12,0.14,0.05,0.61,0.66,0.81,0.16,0.46,0.11,0.06,0.58,0.80,0.55,0.42,0.08,0.56,0.12,0.57,0.74,0.00,0.24,0.09,0.56,0.36,0.48,0.71,0.64,0.08,0.85,0.47,0.43,0.68,0.48,0.36,0.30,0.33,0.83,0.29,0.05,0.01,0.42,0.34,0.73,0.05,0.01,0.73,0.51,0.57,0.01,0.38,0.53,0.14,0.27,0.11,0.16,0.25,0.02,0.53,0.18,0.02,0.52,0.09,0.12,0.43,0.06,0.47,0.28,0.09,0.05,0.01,0.80,0.09,0.39,0.25,0.42,0.74,0.35,0.13,0.02,0.15,0.59,0.59,0.66,0.34,0.60,0.25,0.28,0.04
0.50,0.31,0.50,0.17,0.50,0.12,0.06,0.05,0.42,0.02,0.25,0.15,0.36,0.10,0.18,0.37,0.43,0.57,0.08,0.23,0.35,0.30,0.34,0.56,0.31,0.19,0.32,0.32,0.36,0.33,0.51,0.24,0.00,0.33,0.33,0.12,0.24,0.47,0.40,0.32,0.61,0.23,0.19,0.44,0.24,0.13,0.07,0.09,0.60,0.06,0.19,0.24,0.19,0.11,0.50,0.19,0.25,0.49,0.27,0.33,0.23,0.14,0.29,0.38,0.03,0.34,0.08,0.01,0.26,0.30,0.06,0.25,0.29,0.33,0.11,0.19,0.17,0.23,0.04,0.15,0.18,0.22,0.56,0.15,0.15,0.01,0.18,0.50,0.11,0.37,0.22,0.39,0.35,0.35,0.42,0.10,0.37,0.01,0.05,0.27
0.83,0.64,0.83,0.16,0.83,0.45,0.27,0.28,0.75,0.34,0.07,0.18,0.03,0.23,0.15,0.70,0.76,0.90,0.25,0.56,0.02,0.03,0.67,0.89,0.64,0.52,0.01,0.65,0.03,0.66,0.84,0.09,0.33,0.00,0.66,0.45,0.57,0.80,0.73,0.01,0.94,0.56,0.52,0.77,0.57,0.45,0.40,0.42,0.93,0.39,0.14,0.09,0.52,0.43,0.83,0.14,0.08,0.82,0.60,0.66,0.10,0.47,0.62,0.05,0.36,0.01,0.25,0.34,0.07,0.63,0.27,0.08,0.62,0.00,0.21,0.52,0.16,0.56,0.37,0.18,0.15,0.11,0.89,0.18,0.48,0.34,0.51,0.83,0.44,0.04,0.11,0.06,0.68,0.68,0.75,0.43,0.69,0.34,0.37,0.06
0.18,0.02,0.17,0.50,0.17,0.21,0.38,0.37,0.09,0.31,0.58,0.48,0.69,0.42,0.51,0.05,0.10,0.24,0.40,0.10,0.67,0.63,0.01,0.23,0.02,0.14,0.64,0.01,0.68,0.01,0.18,0.56,0.33,0.66,0.00,0.20,0.08,0.15,0.08,0.64,0.29,0.09,0.13,0.11,0.08,0.20,0.26,0.23,0.27,0.27,0.51,0.57,0.14,0.22,0.17,0.52,0.57,0.17,0.05,0.01,0.55,0.19,0.03,0.71,0.29,0.67,0.40,0.32,0.59,0.03,0.38,0.58,0.04,0.66,0.44,0.13,0.50,0.09,0.28,0.47,0.51,0.55,0.23,0.47,0.17,0.31,0.14,0.18,0.21,0.69,0.54,0.71,0.03,0.02,0.10,0.22,0.04,0.31,0.28,0.60
0.38,0.19,0.37,0.30,0.37,0.00,0.18,0.17,0.30,0.11,0.38,0.27,0.49,0.22,0.31,0.25,0.30,0.45,0.20,0.10,0.47,0.42,0.22,0.44,0.19,0.06,0.44,0.19,0.48,0.21,0.38,0.36,0.12,0.45,0.20,0.00,0.12,0.35,0.28,0.44,0.49,0.11,0.07,0.31,0.12,0.00,0.06,0.03,0.47,0.07,0.31,0.37,0.06,0.02,0.37,0.31,0.37,0.37,0.15,0.21,0.35,0.02,0.17,0.50,0.09,0.47,0.20,0.11,0.38,0.17,0.18,0.38,0.16,0.45,0.24,0.07,0.30,0.11,0.08,0.27,0.31,0.35,0.44,0.27,0.03,0.11,0.06,0.38,0.01,0.49,0.34,0.51,0.23,0.23,0.30,0.02,0.24,0.11,0.08,0.40
0.26,0.07,0.25,0.42,0.25,0.12,0.30,0.29,0.18,0.23,0.50,0.39,0.61,0.34,0.43,0.13,0.18,0.33,0.32,0.02,0.59,0.54,0.10,0.32,0.07,0.06,0.56,0.07,0.60,0.09,0.26,0.48,0.24,0.57,0.08,0.12,0.00,0.23,0.16,0.56,0.37,0.01,0.05,0.19,0.00,0.12,0.18,0.15,0.35,0.19,0.43,0.49,0.06,0.14,0.25,0.43,0.49,0.25,0.03,0.09,0.47,0.10,0.05,0.62,0.21,0.59,0.32,0.23,0.50,0.05,0.30,0.50,0.04,0.57,0.36,0.05,0.42,0.01,0.20,0.39,0.43,0.47,0.32,0.39,0.09,0.23,0.06,0.26,0.13,0.61,0.46,0.63,0.11,0.11,0.18,0.14,0.12,0.23,0.20,0.52
0.03,0.16,0.03,0.65,0.02,0.35,0.53,0.52,0.05,0.46,0.73,0.62,0.83,0.57,0.65,0.10,0.05,0.10,0.55,0.25,0.82,0.77,0.13,0.09,0.16,0.29,0.79,0.15,0.83,0.14,0.04,0.71,0.47,0.80,0.15,0.35,0.23,0.00,0.07,0.79,0.14,0.24,0.28,0.03,0.23,0.35,0.41,0.38,0.12,0.41,0.66,0.72,0.28,0.37,0.02,0.66,0.72,0.02,0.20,0.14,0.70,0.33,0.18,0.85,0.44,0.82,0.55,0.46,0.73,0.18,0.53,0.72,0.19,0.80,0.59,0.28,0.65,0.24,0.43,0.62,0.66,0.70,0.09,0.62,0.32,0.46,0.29,0.03,0.36,0.84,0.69,0.86,0.12,0.12,0.05,0.37,0.11,0.46,0.43,0.75
0.10,0.09,0.10,0.57,0.10,0.28,0.46,0.45,0.02,0.39,0.66,0.55,0.76,0.50,0.58,0.03,0.03,0.17,0.48,0.17,0.75,0.70,0.06,0.16,0.09,0.21,0.72,0.08,0.76,0.07,0.11,0.64,0.40,0.73,0.08,0.28,0.16,0.07,0.00,0.72,0.21,0.17,0.21,0.04,0.16,0.28,0.33,0.31,0.20,0.34,0.59,0.64,0.21,0.30,0.10,0.59,0.65,0.09,0.13,0.07,0.63,0.26,0.11,0.78,0.37,0.74,0.48,0.39,0.66,0.11,0.46,0.65,0.12,0.73,0.52,0.21,0.57,0.17,0.36,0.55,0.58,0.62,0.16,0.55,0.25,0.39,0.22,0.10,0.29,0.77,0.62,0.79,0.05,0.05,0.02,0.30,0.04,0.39,0.36,0.67
0.82,0.63,0.82,0.15,0.82,0.44,0.26,0.27,0.74,0.33,0.06,0.17,0.04,0.22,0.14,0.69,0.75,0.89,0.24,0.55,0.03,0.02,0.66,0.88,0.63,0.51,0.00,0.64,0.04,0.65,0.83,0.08,0.32,0.01,0.64,0.44,0.56,0.79,0.72,0.00,0.93,0.55,0.51,0.76,0.56,0.44,0.39,0.41,0.92,0.38,0.13,0.08,0.51,0.42,0.82,0.13,0.07,0.81,0.59,0.65,0.09,0.46,0.61,0.06,0.35,0.02,0.24,0.33,0.06,0.61,0.26,0.07,0.60,0.01,0.20,0.51,0.15,0.55,0.36,0.17,0.14,0.10,0.88,0.17,0.47,0.33,0.50,0.82,0.43,0.05,0.10,0.07,0.67,0.67,0.74,0.42,0.68,0.33,0.36,0.05
0.11,0.30,0.11,0.79,0.11,0.49,0.67,0.66,0.19,0.60,0.87,0.76,0.97,0.71,0.79,0.24,0.18,0.04,0.69,0.38,0.96,0.91,0.27,0.05,0.30,0.42,0.93,0.29,0.97,0.28,0.10,0.85,0.61,0.94,0.29,0.49,0.37,0.14,0.21,0.93,0.00,0.38,0.42,0.17,0.37,0.49,0.55,0.52,0.02,0.55,0.80,0.85,0.42,0.51,0.12,0.80,0.86,0.12,0.34,0.28,0.84,0.47,0.32,0.99,0.58,0.96,0.69,0.60,0.87,0.32,0.67,0.86,0.33,0.94,0.73,0.42,0.78,0.38,0.57,0.76,0.79,0.83,0.05,0.76,0.46,0.60,0.43,0.11,0.50,0.98,0.83,1.00,0.26,0.26,0.19,0.51,0.25,0.60,0.57,0.88
0.27,0.08,0.27,0.41,0.27,0.11,0.29,0.28,0.19,0.22,0.49,0.38,0.59,0.33,0.41,0.14,0.20,0.34,0.31,0.01,0.58,0.53,0.11,0.33,0.08,0.04,0.55,0.09,0.59,0.10,0.28,0.47,0.23,0.56,0.09,0.11,0.01,0.24,0.17,0.55,0.38,0.00,0.04,0.21,0.01,0.11,0.17,0.14,0.36,0.17,0.42,0.48,0.04,0.13,0.26,0.42,0.48,0.26,0.04,0.10,0.46,0.09,0.06,0.61,0.20,0.58,0.31,0.22,0.49,0.06,0.29,0.48,0.05,0.56,0.35,0.04,0.41,0.00,0.19,0.38,0.41,0.46,0.33,0.38,0.08,0.22,0.05,0.27,0.12,0.60,0.45,0.62,0.12,0.12,0.19,0.13,0.13,0.22,0.19,0.51
0.31,0.12,0.31,0.37,0.30,0.07,0.25,0.24,0.23,0.18,0.45,0.34,0.56,0.29,0.38,0.18,0.23,0.38,0.27,0.03,0.54,0.49,0.15,0.37,0.12,0.01,0.51,0.13,0.55,0.14,0.31,0.43,0.19,0.52,0.13,0.07,0.05,0.28,0.21,0.51,0.42,0.04,0.00,0.25,0.05,0.07,0.13,0.10,0.40,0.14,0.38,0.44,0.01,0.09,0.30,0.38,0.44,0.30,0.08,0.14,0.42,0.05,0.10,0.57,0.16,0.54,0.27,0.18,0.45,0.10,0.25,0.45,0.09,0.52,0.31,0.00,0.37,0.04,0.15,0.34,0.38,0.42,0.37,0.34,0.04,0.18,0.01,0.31,0.08,0.56,0.41,0.58,0.16,0.16,0.23,0.09,0.17,0.18,0.15,0.47
0.06,0.13,0.06,0.61,0.06,0.32,0.49,0.48,0.02,0.42,0.69,0.59,0.80,0.54,0.62,0.07,0.01,0.13,0.52,0.21,0.79,0.74,0.10,0.12,0.13,0.25,0.76,0.12,0.79,0.10,0.07,0.68,0.44,0.77,0.11,0.31,0.19,0.03,0.04,0.76,0.17,0.21,0.25,0.00,0.20,0.31,0.37,0.34,0.16,0.38,0.63,0.68,0.25,0.33,0.06,0.63,0.69,0.06,0.17,0.11,0.67,0.30,0.15,0.82,0.41,0.78,0.52,0.43,0.70,0.14,0.50,0.69,0.15,0.77,0.55,0.25,0.61,0.21,0.39,0.59,0.62,0.66,0.12,0.59,0.29,0.42,0.26,0.06,0.33,0.80,0.66,0.83,0.09,0.09,0.01,0.34,0.07,0.43,0.39,0.71
0.26,0.07,0.26,0.42,0.26,0.12,0.30,0.29,0.18,0.23,0.50,0.39,0.60,0.34,0.42,0.13,0.19,0.33,0.32,0.02,0.59,0.54,0.10,0.32,0.07,0.05,0.56,0.08,0.60,0.09,0.27,0.48,0.24,0.57,0.08,0.12,0.00,0.23,0.16,0.56,0.37,0.01,0.05,0.20,0.00,0.12,0.18,0.15,0.35,0.18,0.43,0.49,0.05,0.14,0.25,0.43,0.49,0.25,0.03,0.09,0.47,0.10,0.05,0.62,0.21,0.59,0.32,0.23,0.50,0.05,0.30,0.49,0.04,0.57,0.36,0.05,0.42,0.01,0.20,0.39,0.42,0.47,0.32,0.39,0.09,0.23,0.06,0.26,0.13,0.61,0.46,0.63,0.11,0.11,0.18,0.14,0.12,0.23,0.20,0.52
0.38,0.19,0.37,0.30,0.37,0.00,0.18,0.17,0.29,0.11,0.38,0.27,0.49,0.22,0.31,0.25,0.30,0.44,0.20,0.10,0.47,0.43,0.22,0.43,0.18,0.06,0.44,0.19,0.48,0.21,0.38,0.36,0.13,0.45,0.20,0.00,0.12,0.35,0.28,0.44,0.49,0.11,0.07,0.31,0.12,0.00,0.06,0.03,0.47,0.07,0.31,0.37,0.06,0.02,0.37,0.31,0.37,0.37,0.15,0.21,0.35,0.01,0.17,0.51,0.09,0.47,0.20,0.12,0.39,0.17,0.18,0.38,0.16,0.46,0.24,0.07,0.30,0.11,0.08,0.27,0.31,0.35,0.43,0.27,0.03,0.11,0.06,0.38,0.01,0.49,0.34,0.51,0.23,0.22,0.30,0.02,0.24,0.11,0.08,0.40
0.44,0.24,0.43,0.24,0.43,0.05,0.12,0.11,0.35,0.05,0.32,0.22,0.43,0.16,0.25,0.30,0.36,0.50,0.14,0.16,0.41,0.37,0.27,0.49,0.24,0.12,0.38,0.25,0.42,0.27,0.44,0.30,0.07,0.40,0.26,0.06,0.18,0.41,0.33,0.39,0.55,0.17,0.13,0.37,0.18,0.06,0.00,0.03,0.53,0.01,0.25,0.31,0.12,0.04,0.43,0.26,0.31,0.43,0.20,0.27,0.29,0.07,0.23,0.45,0.03,0.41,0.14,0.06,0.33,0.23,0.13,0.32,0.22,0.40,0.18,0.13,0.24,0.16,0.02,0.21,0.25,0.29,0.49,0.21,0.09,0.05,0.11,0.44,0.04,0.43,0.29,0.45,0.29,0.28,0.36,0.04,0.30,0.05,0.02,0.34
0.41,0.22,0.40,0.27,0.40,0.03,0.15,0.14,0.32,0.08,0.35,0.24,0.46,0.19,0.28,0.28,0.33,0.48,0.17,0.13,0.44,0.40,0.25,0.47,0.22,0.09,0.41,0.22,0.45,0.24,0.41,0.33,0.09,0.42,0.23,0.03,0.15,0.38,0.31,0.41,0.52,0.14,0.10,0.34,0.15,0.03,0.03,0.00,0.50,0.04,0.28,0.34,0.09,0.01,0.40,0.28,0.34,0.40,0.18,0.24,0.32,0.04,0.20,0.47,0.06,0.44,0.17,0.08,0.36,0.20,0.15,0.35,0.19,0.42,0.21,0.10,0.27,0.14,0.05,0.24,0.28,0.32,0.47,0.24,0.06,0.08,0.09,0.41,0.02,0.46,0.31,0.48,0.26,0.25,0.33,0.01,0.27,0.08,0.05,0.37
0.09,0.29,0.10,0.77,0.10,0.48,0.65,0.64,0.18,0.58,0.85,0.75,0.96,0.70,0.78,0.23,0.17,0.03,0.68,0.37,0.94,0.90,0.26,0.04,0.29,0.41,0.91,0.28,0.95,0.26,0.09,0.83,0.60,0.93,0.27,0.47,0.35,0.12,0.20,0.92,0.02,0.36,0.40,0.16,0.35,0.47,0.53,0.50,0.00,0.54,0.78,0.84,0.41,0.49,0.10,0.79,0.84,0.10,0.33,0.26,0.82,0.46,0.30,0.98,0.56,0.94,0.67,0.59,0.86,0.30,0.66,0.85,0.31,0.93,0.71,0.40,0.77,0.37,0.55,0.74,0.78,0.82,0.04,0.74,0.44,0.58,0.42,0.09,0.49,0.96,0.82,0.98,0.24,0.25,0.17,0.50,0.23,0.58,0.55,0.87
0.44,0.25,0.44,0.23,0.44,0.06,0.11,0.10,0.36,0.04,0.31,0.21,0.42,0.16,0.24,0.31,0.37,0.51,0.14,0.17,0.41,0.36,0.28,0.50,0.25,0.13,0.37,0.26,0.41,0.28,0.45,0.29,0.06,0.39,0.27,0.07,0.19,0.41,0.34,0.38,0.55,0.17,0.14,0.38,0.18,0.07,0.01,0.04,0.54,0.00,0.24,0.30,0.13,0.05,0.44,0.25,0.30,0.44,0.21,0.27,0.29,0.08,0.23,0.44,0.03,0.40,0.14,0.05,0.32,0.24,0.12,0.31,0.23,0.39,0.17,0.14,0.23,0.17,0.01,0.21,0.24,0.28,0.50,0.20,0.09,0.04,0.12,0.45,0.05,0.42,0.28,0.45,0.29,0.29,0.37,0.04,0.31,0.05,0.01,0.33
0.69,0.50,0.69,0.01,0.68,0.31,0.13,0.14,0.61,0.20,0.07,0.04,0.17,0.09,0.00,0.56,0.61,0.76,0.11,0.41,0.16,0.11,0.53,0.75,0.50,0.37,0.13,0.51,0.17,0.52,0.70,0.05,0.19,0.14,0.51,0.31,0.43,0.66,0.59,0.13,0.80,0.42,0.38,0.63,0.43,0.31,0.25,0.28,0.78,0.24,0.00,0.06,0.37,0.29,0.68,0.00,0.06,0.68,0.46,0.52,0.04,0.33,0.48,0.19,0.22,0.16,0.11,0.20,0.07,0.48,0.13,0.06,0.47,0.14,0.07,0.38,0.01,0.42,0.23,0.04,0.00,0.04,0.75,0.04,0.34,0.20,0.37,0.69,0.30,0.18,0.03,0.20,0.54,0.54,0.61,0.29,0.55,0.20,0.23,0.09
0.75,0.55,0.74,0.07,0.74,0.36,0.19,0.20,0.66,0.26,0.01,0.09,0.12,0.14,0.06,0.61,0.67,0.81,0.16,0.47,0.10,0.06,0.58,0.80,0.55,0.43,0.07,0.56,0.11,0.58,0.75,0.01,0.24,0.09,0.57,0.37,0.49,0.72,0.64,0.08,0.85,0.48,0.44,0.68,0.49,0.37,0.31,0.34,0.84,0.30,0.06,0.00,0.43,0.35,0.74,0.05,0.00,0.74,0.51,0.57,0.01,0.38,0.54,0.14,0.27,0.10,0.16,0.25,0.02,0.54,0.18,0.01,0.53,0.09,0.13,0.44,0.07,0.47,0.29,0.09,0.06,0.02,0.80,0.10,0.39,0.26,0.42,0.75,0.35,0.12,0.02,0.15,0.59,0.59,0.67,0.34,0.61,0.25,0.29,0.03
0.32,0.12,0.31,0.36,0.31,0.07,0.24,0.23,0.23,0.17,0.44,0.34,0.55,0.29,0.37,0.18,0.24,0.38,0.27,0.04,0.54,0.49,0.15,0.37,0.12,0.00,0.50,0.13,0.54,0.15,0.32,0.42,0.19,0.52,0.14,0.06,0.06,0.28,0.21,0.51,0.42,0.04,0.01,0.25,0.05,0.06,0.12,0.09,0.41,0.13,0.37,0.43,0.00,0.08,0.31,0.38,0.43,0.31,0.08,0.14,0.42,0.05,0.11,0.57,0.16,0.53,0.27,0.18,0.45,0.11,0.25,0.44,0.10,0.52,0.30,0.01,0.36,0.04,0.14,0.34,0.37,0.41,0.37,0.33,0.04,0.17,0.01,0.32,0.08,0.55,0.41,0.58,0.16,0.16,0.24,0.09,0.18,0.18,0.14,0.46
0.40,0.21,0.39,0.28,0.39,0.02,0.16,0.15,0.31,0.09,0.36,0.25,0.47,0.20,0.29,0.27,0.32,0.46,0.18,0.12,0.45,0.41,0.24,0.45,0.20,0.08,0.42,0.21,0.46,0.23,0.40,0.34,0.11,0.43,0.22,0.02,0.14,0.37,0.30,0.42,0.51,0.13,0.09,0.33,0.14,0.02,0.04,0.01,0.49,0.05,0.29,0.35,0.08,0.00,0.39,0.29,0.35,0.39,0.17,0.23,0.33,0.03,0.19,0.49,0.07,0.45,0.18,0.10,0.37,0.19,0.16,0.36,0.18,0.44,0.22,0.09,0.28,0.13,0.06,0.25,0.29,0.33,0.45,0.25,0.05,0.09,0.08,0.40,0.01,0.47,0.32,0.49,0.25,0.24,0.32,0.00,0.26,0.09,0.06,0.38
0.01,0.19,0.00,0.67,0.00,0.38,0.55,0.54,0.08,0.48,0.75,0.65,0.86,0.59,0.68,0.13,0.07,0.07,0.57,0.27,0.84,0.80,0.16,0.06,0.19,0.31,0.81,0.18,0.85,0.16,0.01,0.73,0.50,0.83,0.17,0.37,0.25,0.02,0.10,0.82,0.12,0.26,0.30,0.06,0.25,0.37,0.43,0.40,0.10,0.44,0.68,0.74,0.31,0.39,0.00,0.69,0.74,0.00,0.23,0.16,0.72,0.36,0.20,0.88,0.46,0.84,0.57,0.49,0.76,0.20,0.56,0.75,0.21,0.83,0.61,0.30,0.67,0.27,0.45,0.64,0.68,0.72,0.06,0.64,0.34,0.48,0.32,0.01,0.39,0.86,0.72,0.88,0.14,0.15,0.07,0.39,0.13,0.48,0.45,0.77
0.69,0.50,0.69,0.02,0.69,0.31,0.13,0.14,0.61,0.20,0.07,0.04,0.17,0.09,0.01,0.56,0.62,0.76,0.11,0.42,0.16,0.11,0.53,0.75,0.50,0.38,0.13,0.51,0.17,0.52,0.70,0.05,0.19,0.14,0.52,0.31,0.43,0.66,0.59,0.13,0.80,0.42,0.38,0.63,0.43,0.31,0.26,0.28,0.79,0.25,0.00,0.05,0.38,0.29,0.69,0.00,0.06,0.68,0.46,0.52,0.04,0.33,0.48,0.19,0.22,0.15,0.11,0.20,0.07,0.49,0.13,0.06,0.48,0.14,0.08,0.38,0.02,0.42,0.23,0.04,0.01,0.03,0.75,0.04,0.34,0.20,0.37,0.69,0.30,0.18,0.03,0.20,0.54,0.54,0.61,0.29,0.55,0.20,0.23,0.08
0.75,0.56,0.75,0.07,0.74,0.37,0.19,0.20,0.67,0.26,0.01,0.10,0.11,0.15,0.06,0.62,0.67,0.82,0.17,0.47,0.10,0.05,0.59,0.81,0.56,0.43,0.07,0.57,0.11,0.58,0.75,0.01,0.25,0.08,0.57,0.37,0.49,0.72,0.65,0.07,0.86,0.48,0.44,0.69,0.49,0.37,0.31,0.34,0.84,0.30,0.06,0.00,0.43,0.35,0.74,0.06,0.00,0.74,0.52,0.58,0.02,0.39,0.54,0.13,0.28,0.10,0.17,0.26,0.01,0.54,0.19,0.00,0.53,0.08,0.13,0.44,0.07,0.48,0.29,0.10,0.06,0.02,0.81,0.10,0.40,0.26,0.43,0.75,0.36,0.12,0.03,0.14,0.60,0.60,0.67,0.35,0.61,0.26,0.29,0.03
0.01,0.18,0.01,0.67,0.00,0.37,0.55,0.54,0.07,0.48,0.75,0.64,0.86,0.59,0.68,0.12,0.07,0.08,0.57,0.27,0.84,0.79,0.15,0.07,0.18,0.31,0.81,0.17,0.85,0.16,0.01,0.73,0.49,0.82,0.17,0.37,0.25,0.02,0.09,0.81,0.12,0.26,0.30,0.06,0.25,0.37,0.43,0.40,0.10,0.44,0.68,0.74,0.31,0.39,0.00,0.68,0.74,0.00,0.22,0.16,0.72,0.35,0.20,0.87,0.46,0.84,0.57,0.48,0.75,0.20,0.55,0.75,0.21,0.82,0.61,0.30,0.67,0.26,0.45,0.64,0.68,0.72,0.07,0.64,0.34,0.48,0.31,0.01,0.38,0.86,0.71,0.88,0.14,0.14,0.07,0.39,0.13,0.48,0.45,0.77
0.23,0.04,0.23,0.44,0.23,0.15,0.33,0.32,0.15,0.26,0.53,0.42,0.63,0.37,0.45,0.10,0.16,0.30,0.35,0.04,0.62,0.57,0.07,0.29,0.04,0.08,0.59,0.05,0.63,0.06,0.24,0.51,0.27,0.60,0.05,0.15,0.03,0.20,0.13,0.59,0.34,0.04,0.08,0.17,0.03,0.15,0.20,0.18,0.33,0.21,0.46,0.51,0.08,0.17,0.23,0.46,0.52,0.22,0.00,0.06,0.50,0.13,0.02,0.65,0.24,0.61,0.35,0.26,0.53,0.02,0.33,0.52,0.01,0.60,0.39,0.08,0.44,0.04,0.23,0.42,0.45,0.49,0.29,0.42,0.12,0.26,0.09,0.23,0.16,0.64,0.49,0.66,0.08,0.08,0.15,0.17,0.09,0.26,0.23,0.54
0.17,0.02,0.17,0.51,0.17,0.21,0.39,0.38,0.09,0.32,0.59,0.48,0.69,0.43,0.51,0.04,0.10,0.24,0.41,0.10,0.68,0.63,0.01,0.23,0.02,0.14,0.65,0.01,0.69,0.00,0.18,0.57,0.33,0.66,0.01,0.21,0.09,0.14,0.07,0.65,0.28,0.10,0.14,0.11,0.09,0.21,0.27,0.24,0.26,0.27,0.52,0.57,0.14,0.23,0.16,0.52,0.58,0.16,0.06,0.00,0.56,0.19,0.04,0.71,0.30,0.68,0.41,0.32,0.59,0.04,0.39,0.58,0.05,0.66,0.45,0.14,0.50,0.10,0.29,0.48,0.51,0.55,0.23,0.48,0.18,0.32,0.15,0.17,0.22,0.70,0.55,0.72,0.02,0.02,0.09,0.23,0.03,0.32,0.29,0.60
0.73,0.54,0.73,0.05,0.73,0.35,0.17,0.18,0.65,0.24,0.03,0.08,0.13,0.13,0.05,0.60,0.66,0.80,0.15,0.46,0.12,0.07,0.57,0.79,0.54,0.42,0.09,0.55,0.13,0.56,0.74,0.01,0.23,0.10,0.55,0.35,0.47,0.70,0.63,0.09,0.84,0.46,0.42,0.67,0.47,0.35,0.29,0.32,0.82,0.29,0.04,0.01,0.42,0.33,0.72,0.04,0.02,0.72,0.50,0.56,0.00,0.37,0.52,0.15,0.26,0.12,0.15,0.24,0.03,0.52,0.17,0.02,0.51,0.10,0.11,0.42,0.06,0.46,0.27,0.08,0.05,0.01,0.79,0.08,0.38,0.24,0.41,0.73,0.34,0.14,0.01,0.16,0.58,0.58,0.65,0.33,0.59,0.24,0.27,0.04
0.36,0.17,0.36,0.31,0.36,0.02,0.19,0.19,0.28,0.12,0.39,0.29,0.50,0.24,0.32,0.23,0.29,0.43,0.22,0.09,0.49,0.44,0.20,0.42,0.17,0.05,0.46,0.18,0.49,0.19,0.37,0.38,0.14,0.47,0.19,0.02,0.10,0.33,0.26,0.46,0.47,0.09,0.05,0.30,0.10,0.01,0.07,0.04,0.46,0.08,0.33,0.38,0.05,0.03,0.36,0.33,0.39,0.35,0.13,0.19,0.37,0.00,0.15,0.52,0.11,0.48,0.22,0.13,0.40,0.16,0.20,0.39,0.15,0.47,0.25,0.05,0.31,0.09,0.10,0.29,0.32,0.36,0.42,0.29,0.01,0.13,0.04,0.36,0.03,0.50,0.36,0.53,0.21,0.21,0.29,0.04,0.23,0.13,0.09,0.41
0.21,0.02,0.21,0.47,0.20,0.17,0.35,0.34,0.13,0.28,0.55,0.44,0.65,0.39,0.47,0.08,0.13,0.28,0.37,0.07,0.64,0.59,0.05,0.27,0.02,0.11,0.61,0.03,0.65,0.04,0.22,0.53,0.29,0.62,0.03,0.17,0.05,0.18,0.11,0.61,0.32,0.06,0.10,0.15,0.05,0.17,0.23,0.20,0.30,0.23,0.48,0.54,0.11,0.19,0.20,0.48,0.54,0.20,0.02,0.04,0.52,0.15,0.00,0.67,0.26,0.64,0.37,0.28,0.55,0.00,0.35,0.54,0.01,0.62,0.41,0.10,0.47,0.06,0.25,0.44,0.48,0.52,0.27,0.44,0.14,0.28,0.11,0.21,0.18,0.66,0.51,0.68,0.06,0.06,0.13,0.19,0.07,0.28,0.25,0.57
0.88,0.69,0.88,0.21,0.88,0.50,0.32,0.33,0.80,0.39,0.12,0.23,0.02,0.28,0.20,0.75,0.81,0.95,0.30,0.61,0.03,0.08,0.72,0.94,0.69,0.57,0.06,0.70,0.02,0.71,0.89,0.14,0.38,0.05,0.71,0.50,0.62,0.85,0.78,0.06,0.99,0.61,0.57,0.82,0.62,0.51,0.45,0.47,0.98,0.44,0.19,0.14,0.57,0.49,0.88,0.19,0.13,0.87,0.65,0.71,0.15,0.52,0.67,0.00,0.41,0.04,0.30,0.39,0.12,0.68,0.32,0.13,0.67,0.05,0.27,0.57,0.21,0.61,0.42,0.23,0.20,0.16,0.94,0.23,0.53,0.39,0.56,0.88,0.49,0.01,0.16,0.01,0.73,0.73,0.80,0.48,0.74,0.39,0.42,0.11
0.47,0.28,0.47,0.21,0.47,0.09,0.09,0.08,0.39,0.02,0.29,0.18,0.39,0.13,0.21,0.34,0.40,0.54,0.11,0.20,0.38,0.33,0.31,0.53,0.28,0.16,0.35,0.29,0.39,0.30,0.48,0.27,0.03,0.36,0.29,0.09,0.21,0.44,0.37,0.35,0.58,0.20,0.16,0.41,0.21,0.09,0.03,0.06,0.56,0.03,0.22,0.27,0.16,0.07,0.46,0.22,0.28,0.46,0.24,0.30,0.26,0.11,0.26,0.41,0.00,0.38,0.11,0.02,0.29,0.26,0.09,0.28,0.25,0.36,0.15,0.16,0.20,0.20,0.01,0.18,0.21,0.25,0.53,0.18,0.12,0.02,0.15,0.47,0.08,0.40,0.25,0.42,0.32,0.32,0.39,0.07,0.33,0.02,0.01,0.30
0.85,0.65,0.84,0.17,0.84,0.46,0.29,0.30,0.76,0.36,0.09,0.19,0.02,0.24,0.16,0.71,0.77,0.91,0.26,0.57,0.00,0.04,0.68,0.90,0.65,0.53,0.03,0.66,0.01,0.68,0.85,0.11,0.34,0.01,0.67,0.47,0.59,0.82,0.74,0.02,0.96,0.58,0.54,0.78,0.59,0.47,0.41,0.44,0.94,0.40,0.16,0.10,0.53,0.45,0.84,0.15,0.10,0.84,0.61,0.68,0.12,0.48,0.64,0.04,0.38,0.00,0.27,0.35,0.08,0.64,0.28,0.09,0.63,0.01,0.23,0.54,0.17,0.57,0.39,0.20,0.16,0.12,0.90,0.20,0.50,0.36,0.52,0.85,0.45,0.02,0.12,0.04,0.70,0.69,0.77,0.44,0.71,0.36,0.39,0.07
0.58,0.39,0.58,0.10,0.58,0.20,0.02,0.03,0.50,0.09,0.18,0.07,0.28,0.02,0.10,0.45,0.51,0.65,0.00,0.31,0.27,0.22,0.42,0.64,0.39,0.27,0.24,0.40,0.28,0.41,0.59,0.16,0.08,0.25,0.40,0.20,0.32,0.55,0.48,0.24,0.69,0.31,0.27,0.52,0.32,0.20,0.14,0.17,0.67,0.14,0.11,0.16,0.27,0.18,0.57,0.11,0.17,0.57,0.35,0.41,0.15,0.22,0.37,0.30,0.11,0.27,0.00,0.09,0.18,0.37,0.02,0.17,0.36,0.25,0.04,0.27,0.09,0.31,0.12,0.07,0.10,0.14,0.64,0.07,0.23,0.09,0.26,0.58,0.19,0.29,0.14,0.31,0.43,0.43,0.50,0.18,0.44,0.09,0.12,0.19
0.49,0.30,0.49,0.18,0.49,0.11,0.07,0.06,0.41,0.01,0.27,0.16,0.37,0.11,0.19,0.36,0.42,0.56,0.09,0.22,0.36,0.31,0.33,0.55,0.30,0.18,0.33,0.31,0.37,0.32,0.50,0.25,0.01,0.34,0.32,0.11,0.23,0.46,0.39,0.33,0.60,0.22,0.18,0.43,0.23,0.12,0.06,0.08,0.59,0.05,0.20,0.25,0.18,0.10,0.49,0.20,0.26,0.48,0.26,0.32,0.24,0.13,0.28,0.39,0.02,0.35,0.09,0.00,0.27,0.29,0.07,0.26,0.28,0.34,0.12,0.18,0.18,0.22,0.03,0.16,0.19,0.23,0.55,0.16,0.14,0.00,0.17,0.49,0.10,0.38,0.23,0.40,0.34,0.34,0.41,0.09,0.35,0.00,0.03,0.28
0.76,0.57,0.76,0.09,0.76,0.38,0.21,0.21,0.68,0.28,0.01,0.11,0.10,0.16,0.08,0.63,0.69,0.83,0.18,0.49,0.09,0.04,0.60,0.82,0.57,0.45,0.06,0.58,0.09,0.59,0.77,0.02,0.26,0.07,0.59,0.38,0.50,0.73,0.66,0.06,0.87,0.49,0.45,0.70,0.50,0.39,0.33,0.36,0.86,0.32,0.07,0.02,0.45,0.37,0.76,0.07,0.01,0.75,0.53,0.59,0.03,0.40,0.55,0.12,0.29,0.08,0.18,0.27,0.00,0.56,0.20,0.01,0.55,0.07,0.15,0.45,0.09,0.49,0.30,0.11,0.08,0.04,0.82,0.11,0.41,0.27,0.44,0.76,0.37,0.10,0.04,0.13,0.61,0.61,0.69,0.36,0.63,0.27,0.31,0.01
0.21,0.01,0.20,0.47,0.20,0.18,0.35,0.34,0.12,0.28,0.55,0.45,0.66,0.39,0.48,0.08,0.13,0.27,0.37,0.07,0.64,0.60,0.05,0.26,0.01,0.11,0.61,0.02,0.65,0.04,0.21,0.53,0.30,0.63,0.03,0.17,0.05,0.18,0.11,0.61,0.32,0.06,0.10,0.14,0.05,0.17,0.23,0.20,0.30,0.24,0.48,0.54,0.11,0.19,0.20,0.49,0.54,0.20,0.02,0.04,0.52,0.16,0.00,0.68,0.26,0.64,0.37,0.29,0.56,0.00,0.35,0.55,0.01,0.63,0.41,0.10,0.47,0.06,0.25,0.44,0.48,0.52,0.26,0.44,0.14,0.28,0.11,0.21,0.18,0.66,0.51,0.68,0.06,0.05,0.13,0.19,0.07,0.28,0.25,0.57
0.56,0.37,0.56,0.11,0.56,0.18,0.00,0.01,0.48,0.07,0.20,0.09,0.30,0.04,0.12,0.43,0.49,0.63,0.02,0.29,0.29,0.24,0.40,0.62,0.37,0.25,0.26,0.38,0.30,0.39,0.57,0.18,0.06,0.27,0.38,0.18,0.30,0.53,0.46,0.26,0.67,0.29,0.25,0.50,0.30,0.18,0.13,0.15,0.66,0.12,0.13,0.18,0.25,0.16,0.56,0.13,0.19,0.55,0.33,0.39,0.17,0.20,0.35,0.32,0.09,0.28,0.02,0.07,0.20,0.35,0.00,0.19,0.35,0.27,0.06,0.25,0.11,0.29,0.10,0.09,0.12,0.16,0.62,0.09,0.21,0.07,0.24,0.56,0.17,0.31,0.16,0.33,0.41,0.41,0.48,0.16,0.42,0.07,0.10,0.21
0.75,0.56,0.75,0.08,0.75,0.37,0.20,0.21,0.67,0.27,0.00,0.10,0.11,0.15,0.07,0.62,0.68,0.82,0.17,0.48,0.10,0.05,0.59,0.81,0.56,0.44,0.07,0.57,0.10,0.59,0.76,0.02,0.25,0.08,0.58,0.38,0.50,0.72,0.65,0.07,0.86,0.48,0.45,0.69,0.49,0.38,0.32,0.35,0.85,0.31,0.06,0.01,0.44,0.36,0.75,0.06,0.00,0.75,0.52,0.58,0.02,0.39,0.54,0.13,0.28,0.09,0.17,0.26,0.01,0.55,0.19,0.00,0.54,0.08,0.14,0.45,0.08,0.48,0.30,0.10,0.07,0.03,0.81,0.10,0.40,0.27,0.43,0.76,0.36,0.11,0.03,0.14,0.60,0.60,0.68,0.35,0.62,0.26,0.30,0.02
0.22,0.02,0.21,0.46,0.21,0.17,0.34,0.33,0.13,0.27,0.54,0.44,0.65,0.38,0.47,0.09,0.14,0.28,0.36,0.06,0.63,0.59,0.05,0.27,0.02,0.10,0.60,0.03,0.64,0.05,0.22,0.52,0.29,0.62,0.04,0.16,0.04,0.19,0.12,0.60,0.33,0.05,0.09,0.15,0.04,0.16,0.22,0.19,0.31,0.23,0.47,0.53,0.10,0.18,0.21,0.48,0.53,0.21,0.01,0.05,0.51,0.15,0.01,0.67,0.25,0.63,0.36,0.28,0.55,0.01,0.35,0.54,0.00,0.62,0.40,0.09,0.46,0.05,0.24,0.43,0.47,0.51,0.27,0.43,0.13,0.27,0.10,0.22,0.17,0.65,0.50,0.67,0.07,0.06,0.14,0.18,0.08,0.27,0.24,0.56
0.83,0.64,0.83,0.16,0.83,0.45,0.27,0.28,0.75,0.35,0.07,0.18,0.03,0.23,0.15,0.70,0.76,0.90,0.25,0.56,0.02,0.03,0.67,0.89,0.64,0.52,0.01,0.65,0.03,0.66,0.84,0.09,0.33,0.00,0.66,0.45,0.57,0.80,0.73,0.01,0.94,0.56,0.52,0.77,0.57,0.46,0.40,0.42,0.93,0.39,0.14,0.09,0.52,0.44,0.83,0.14,0.08,0.82,0.60,0.66,0.10,0.47,0.62,0.05,0.36,0.01,0.25,0.34,0.07,0.63,0.27,0.08,0.62,0.00,0.22,0.52,0.16,0.56,0.37,0.18,0.15,0.11,0.89,0.18,0.48,0.34,0.51,0.83,0.44,0.04,0.11,0.06,0.68,0.68,0.75,0.43,0.69,0.34,0.38,0.06
0.62,0.43,0.61,0.06,0.61,0.23,0.06,0.07,0.53,0.13,0.14,0.04,0.25,0.02,0.07,0.49,0.54,0.68,0.04,0.34,0.23,0.19,0.46,0.67,0.42,0.30,0.20,0.43,0.24,0.45,0.62,0.12,0.11,0.21,0.44,0.24,0.36,0.59,0.52,0.20,0.73,0.35,0.31,0.55,0.36,0.24,0.18,0.21,0.71,0.17,0.07,0.13,0.30,0.22,0.61,0.08,0.13,0.61,0.39,0.45,0.11,0.25,0.41,0.27,0.15,0.23,0.04,0.12,0.15,0.41,0.06,0.14,0.40,0.22,0.00,0.31,0.06,0.35,0.16,0.03,0.07,0.11,0.67,0.03,0.27,0.13,0.30,0.62,0.23,0.25,0.10,0.27,0.47,0.46,0.54,0.22,0.48,0.13,0.16,0.16
0.31,0.12,0.31,0.37,0.30,0.07,0.25,0.24,0.23,0.18,0.45,0.34,0.55,0.29,0.38,0.18,0.23,0.38,0.27,0.03,0.54,0.49,0.15,0.37,0.12,0.01,0.51,0.13,0.55,0.14,0.31,0.43,0.19,0.52,0.13,0.07,0.05,0.28,0.21,0.51,0.42,0.04,0.00,0.25,0.05,0.07,0.13,0.10,0.40,0.14,0.38,0.44,0.01,0.09,0.30,0.38,0.44,0.30,0.08,0.14,0.42,0.05,0.10,0.57,0.16,0.54,0.27,0.18,0.45,0.10,0.25,0.45,0.09,0.52,0.31,0.00,0.37,0.04,0.15,0.34,0.38,0.42,0.37,0.34,0.04,0.18,0.01,0.31,0.08,0.56,0.41,0.58,0.16,0.16,0.23,0.09,0.17,0.18,0.15,0.47
0.68,0.48,0.67,0.00,0.67,0.29,0.12,0.13,0.59,0.19,0.08,0.02,0.19,0.07,0.01,0.54,0.60,0.74,0.09,0.40,0.17,0.13,0.51,0.73,0.48,0.36,0.14,0.49,0.18,0.51,0.68,0.06,0.17,0.16,0.50,0.30,0.42,0.65,0.57,0.15,0.78,0.41,0.37,0.61,0.42,0.30,0.24,0.27,0.77,0.23,0.01,0.07,0.36,0.28,0.67,0.02,0.07,0.67,0.44,0.50,0.06,0.31,0.47,0.21,0.20,0.17,0.09,0.18,0.09,0.47,0.11,0.08,0.46,0.16,0.06,0.37,0.00,0.40,0.22,0.02,0.01,0.05,0.73,0.03,0.32,0.19,0.35,0.68,0.28,0.19,0.05,0.22,0.52,0.52,0.60,0.27,0.54,0.18,0.22,0.10
0.27,0.08,0.27,0.41,0.27,0.11,0.29,0.28,0.19,0.22,0.49,0.38,0.59,0.33,0.41,0.14,0.20,0.34,0.31,0.00,0.58,0.53,0.11,0.33,0.08,0.04,0.55,0.09,0.59,0.10,0.28,0.47,0.23,0.56,0.09,0.11,0.01,0.24,0.17,0.55,0.38,0.00,0.04,0.21,0.01,0.11,0.16,0.14,0.37,0.17,0.42,0.47,0.04,0.13,0.27,0.42,0.48,0.26,0.04,0.10,0.46,0.09,0.06,0.61,0.20,0.57,0.31,0.22,0.49,0.06,0.29,0.48,0.05,0.56,0.35,0.04,0.40,0.00,0.19,0.38,0.41,0.45,0.33,0.38,0.08,0.22,0.05,0.27,0.12,0.60,0.45,0.62,0.12,0.12,0.19,0.13,0.13,0.22,0.19,0.50
0.46,0.27,0.46,0.22,0.45,0.08,0.10,0.09,0.38,0.03,0.30,0.19,0.41,0.14,0.23,0.33,0.38,0.53,0.12,0.18,0.39,0.34,0.30,0.52,0.27,0.14,0.36,0.28,0.40,0.29,0.46,0.28,0.04,0.37,0.28,0.08,0.20,0.43,0.36,0.36,0.57,0.19,0.15,0.39,0.20,0.08,0.02,0.05,0.55,0.01,0.23,0.29,0.14,0.06,0.45,0.23,0.29,0.45,0.23,0.29,0.27,0.10,0.25,0.42,0.01,0.39,0.12,0.03,0.30,0.25,0.10,0.30,0.24,0.37,0.16,0.15,0.22,0.19,0.00,0.19,0.23,0.27,0.52,0.19,0.11,0.03,0.14,0.46,0.07,0.41,0.26,0.43,0.31,0.31,0.38,0.06,0.32,0.03,0.00,0.32
0.65,0.46,0.65,0.03,0.65,0.27,0.09,0.10,0.57,0.16,0.11,0.00,0.21,0.05,0.03,0.52,0.58,0.72,0.07,0.38,0.20,0.15,0.49,0.71,0.46,0.34,0.17,0.47,0.21,0.48,0.66,0.09,0.15,0.18,0.47,0.27,0.39,0.62,0.55,0.17,0.76,0.38,0.34,0.59,0.39,0.27,0.21,0.24,0.74,0.21,0.04,0.09,0.34,0.25,0.64,0.04,0.10,0.64,0.42,0.48,0.08,0.29,0.44,0.23,0.18,0.20,0.07,0.16,0.11,0.44,0.09,0.10,0.43,0.18,0.03,0.34,0.02,0.38,0.19,0.00,0.03,0.07,0.71,0.00,0.30,0.16,0.33,0.65,0.26,0.22,0.07,0.24,0.50,0.50,0.57,0.25,0.51,0.16,0.19,0.12
0.69,0.49,0.68,0.01,0.68,0.30,0.13,0.14,0.60,0.20,0.07,0.03,0.18,0.08,0.00,0.55,0.61,0.75,0.10,0.41,0.17,0.12,0.52,0.74,0.49,0.37,0.13,0.50,0.17,0.52,0.69,0.05,0.18,0.15,0.51,0.31,0.43,0.66,0.58,0.14,0.79,0.41,0.38,0.62,0.42,0.31,0.25,0.28,0.78,0.24,0.00,0.06,0.37,0.29,0.68,0.01,0.06,0.68,0.45,0.51,0.05,0.32,0.48,0.20,0.21,0.16,0.10,0.19,0.08,0.48,0.12,0.07,0.47,0.15,0.07,0.38,0.01,0.41,0.23,0.03,0.00,0.04,0.74,0.04,0.33,0.20,0.36,0.69,0.29,0.18,0.04,0.21,0.53,0.53,0.61,0.28,0.55,0.19,0.23,0.09
0.73,0.53,0.72,0.05,0.72,0.34,0.17,0.18,0.64,0.24,0.03,0.07,0.14,0.12,0.04,0.59,0.65,0.79,0.14,0.45,0.12,0.08,0.56,0.78,0.53,0.41,0.09,0.54,0.13,0.56,0.73,0.01,0.22,0.11,0.55,0.35,0.47,0.70,0.62,0.10,0.83,0.46,0.42,0.66,0.47,0.35,0.29,0.32,0.82,0.28,0.04,0.02,0.41,0.33,0.72,0.03,0.02,0.72,0.49,0.55,0.01,0.36,0.52,0.16,0.25,0.12,0.14,0.23,0.04,0.52,0.16,0.03,0.51,0.11,0.11,0.42,0.05,0.45,0.27,0.07,0.04,0.00,0.78,0.08,0.37,0.24,0.40,0.73,0.33,0.14,0.00,0.17,0.57,0.57,0.65,0.32,0.59,0.23,0.27,0.05
0.06,0.25,0.06,0.73,0.06,0.44,0.62,0.61,0.14,0.54,0.81,0.71,0.92,0.66,0.74,0.19,0.13,0.01,0.64,0.33,0.91,0.86,0.22,0.00,0.25,0.37,0.88,0.24,0.92,0.23,0.05,0.80,0.56,0.89,0.23,0.44,0.32,0.09,0.16,0.88,0.05,0.33,0.37,0.12,0.32,0.43,0.49,0.47,0.04,0.50,0.75,0.80,0.37,0.45,0.06,0.75,0.81,0.07,0.29,0.23,0.79,0.42,0.27,0.94,0.53,0.90,0.64,0.55,0.82,0.26,0.62,0.81,0.27,0.89,0.67,0.37,0.73,0.33,0.52,0.71,0.74,0.78,0.00,0.71,0.41,0.55,0.38,0.06,0.45,0.93,0.78,0.95,0.21,0.21,0.14,0.46,0.19,0.55,0.51,0.83
0.65,0.46,0.65,0.03,0.64,0.27,0.09,0.10,0.57,0.16,0.11,0.00,0.21,0.05,0.04,0.52,0.57,0.72,0.07,0.37,0.20,0.15,0.49,0.71,0.46,0.33,0.17,0.47,0.21,0.48,0.65,0.09,0.15,0.18,0.47,0.27,0.39,0.62,0.55,0.17,0.76,0.38,0.34,0.59,0.39,0.27,0.21,0.24,0.74,0.20,0.04,0.10,0.33,0.25,0.64,0.04,0.10,0.64,0.42,0.48,0.08,0.29,0.44,0.23,0.18,0.20,0.07,0.16,0.11,0.44,0.09,0.10,0.43,0.18,0.03,0.34,0.03,0.38,0.19,0.00,0.04,0.08,0.71,0.00,0.30,0.16,0.33,0.65,0.26,0.22,0.07,0.24,0.50,0.50,0.57,0.25,0.51,0.16,0.19,0.13
0.35,0.16,0.35,0.33,0.35,0.03,0.21,0.20,0.27,0.14,0.41,0.30,0.51,0.25,0.33,0.22,0.28,0.42,0.23,0.08,0.50,0.45,0.19,0.41,0.16,0.04,0.47,0.17,0.51,0.18,0.36,0.39,0.15,0.48,0.17,0.03,0.09,0.32,0.25,0.47,0.46,0.08,0.04,0.29,0.09,0.03,0.09,0.06,0.44,0.09,0.34,0.39,0.04,0.05,0.34,0.34,0.40,0.34,0.12,0.18,0.38,0.01,0.14,0.53,0.12,0.50,0.23,0.14,0.41,0.14,0.21,0.40,0.13,0.48,0.27,0.04,0.32,0.08,0.11,0.30,0.33,0.37,0.41,0.30,0.00,0.14,0.03,0.35,0.04,0.52,0.37,0.54,0.20,0.20,0.27,0.05,0.21,0.14,0.11,0.42
0.49,0.30,0.49,0.19,0.48,0.11,0.07,0.06,0.41,0.00,0.27,0.16,0.38,0.11,0.20,0.36,0.41,0.56,0.09,0.21,0.36,0.31,0.33,0.55,0.30,0.17,0.33,0.31,0.37,0.32,0.49,0.25,0.01,0.34,0.31,0.11,0.23,0.46,0.39,0.33,0.60,0.22,0.18,0.42,0.23,0.11,0.05,0.08,0.58,0.04,0.20,0.26,0.17,0.09,0.48,0.20,0.26,0.48,0.26,0.32,0.24,0.13,0.28,0.39,0.02,0.36,0.09,0.00,0.27,0.28,0.07,0.27,0.27,0.34,0.13,0.18,0.19,0.22,0.03,0.16,0.20,0.24,0.55,0.16,0.14,0.00,0.17,0.49,0.10,0.38,0.23,0.40,0.34,0.34,0.41,0.09,0.35,0.00,0.03,0.29
0.32,0.13,0.32,0.36,0.32,0.06,0.24,0.23,0.24,0.17,0.44,0.33,0.54,0.28,0.36,0.19,0.25,0.39,0.26,0.05,0.53,0.48,0.16,0.38,0.13,0.01,0.50,0.14,0.54,0.15,0.33,0.42,0.18,0.51,0.14,0.06,0.06,0.29,0.22,0.50,0.43,0.05,0.01,0.26,0.06,0.06,0.11,0.09,0.42,0.12,0.37,0.42,0.01,0.08,0.32,0.37,0.43,0.31,0.09,0.15,0.41,0.04,0.11,0.56,0.15,0.52,0.26,0.17,0.44,0.11,0.24,0.43,0.10,0.51,0.30,0.01,0.35,0.05,0.14,0.33,0.36,0.40,0.38,0.33,0.03,0.17,0.00,0.32,0.07,0.55,0.40,0.57,0.17,0.17,0.24,0.08,0.18,0.17,0.14,0.45
0.00,0.19,0.00,0.68,0.01,0.38,0.56,0.55,0.08,0.49,0.76,0.65,0.86,0.60,0.69,0.13,0.08,0.07,0.58,0.28,0.85,0.80,0.16,0.06,0.19,0.32,0.82,0.18,0.86,0.17,0.00,0.74,0.50,0.83,0.18,0.38,0.26,0.03,0.10,0.82,0.11,0.27,0.31,0.06,0.26,0.38,0.44,0.41,0.09,0.45,0.69,0.75,0.32,0.40,0.01,0.69,0.75,0.01,0.23,0.17,0.73,0.36,0.21,0.88,0.47,0.85,0.58,0.49,0.76,0.21,0.56,0.76,0.22,0.83,0.62,0.31,0.68,0.27,0.46,0.65,0.69,0.73,0.06,0.65,0.35,0.49,0.32,0.00,0.39,0.87,0.72,0.89,0.15,0.15,0.08,0.40,0.14,0.49,0.46,0.78
0.39,0.20,0.39,0.28,0.39,0.01,0.17,0.16,0.31,0.10,0.37,0.26,0.47,0.21,0.29,0.26,0.32,0.46,0.19,0.12,0.46,0.41,0.23,0.45,0.20,0.08,0.43,0.21,0.47,0.22,0.40,0.35,0.11,0.44,0.21,0.01,0.13,0.36,0.29,0.43,0.50,0.12,0.08,0.33,0.13,0.01,0.04,0.02,0.49,0.05,0.30,0.35,0.08,0.01,0.39,0.30,0.36,0.38,0.16,0.22,0.34,0.03,0.18,0.49,0.08,0.45,0.19,0.10,0.37,0.18,0.17,0.36,0.17,0.44,0.23,0.08,0.28,0.12,0.07,0.26,0.29,0.33,0.45,0.26,0.04,0.10,0.07,0.39,0.00,0.48,0.33,0.50,0.24,0.24,0.31,0.01,0.25,0.10,0.07,0.38
0.87,0.68,0.86,0.19,0.86,0.49,0.31,0.32,0.79,0.38,0.11,0.22,0.00,0.27,0.18,0.74,0.79,0.94,0.29,0.59,0.02,0.07,0.71,0.93,0.68,0.55,0.05,0.68,0.01,0.70,0.87,0.13,0.37,0.04,0.69,0.49,0.61,0.84,0.77,0.05,0.98,0.60,0.56,0.80,0.61,0.49,0.43,0.46,0.96,0.42,0.18,0.12,0.55,0.47,0.86,0.18,0.12,0.86,0.64,0.70,0.14,0.50,0.66,0.01,0.40,0.02,0.29,0.38,0.10,0.66,0.31,0.11,0.65,0.04,0.25,0.56,0.19,0.60,0.41,0.22,0.18,0.14,0.93,0.22,0.52,0.38,0.55,0.87,0.48,0.00,0.15,0.02,0.72,0.72,0.79,0.47,0.73,0.38,0.41,0.09
0.72,0.53,0.72,0.05,0.72,0.34,0.16,0.17,0.64,0.23,0.04,0.07,0.14,0.12,0.04,0.59,0.65,0.79,0.14,0.45,0.13,0.08,0.56,0.78,0.53,0.41,0.10,0.54,0.14,0.55,0.73,0.02,0.22,0.11,0.54,0.34,0.46,0.69,0.62,0.10,0.83,0.45,0.41,0.66,0.46,0.34,0.29,0.31,0.82,0.28,0.03,0.02,0.41,0.32,0.72,0.03,0.03,0.71,0.49,0.55,0.01,0.36,0.51,0.16,0.25,0.12,0.14,0.23,0.04,0.51,0.16,0.03,0.50,0.11,0.10,0.41,0.05,0.45,0.26,0.07,0.04,0.00,0.78,0.07,0.37,0.23,0.40,0.72,0.33,0.15,0.00,0.17,0.57,0.57,0.64,0.32,0.58,0.23,0.26,0.05
0.89,0.70,0.89,0.21,0.89,0.51,0.33,0.34,0.81,0.40,0.13,0.24,0.03,0.29,0.21,0.76,0.82,0.96,0.31,0.62,0.04,0.09,0.73,0.95,0.70,0.58,0.07,0.71,0.03,0.72,0.90,0.15,0.39,0.06,0.71,0.51,0.63,0.86,0.79,0.07,1.00,0.62,0.58,0.83,0.63,0.51,0.45,0.48,0.98,0.45,0.20,0.15,0.58,0.49,0.88,0.20,0.14,0.88,0.66,0.72,0.16,0.53,0.68,0.01,0.42,0.04,0.31,0.40,0.13,0.68,0.33,0.14,0.67,0.06,0.27,0.58,0.22,0.62,0.43,0.24,0.21,0.17,0.95,0.24,0.54,0.40,0.57,0.89,0.50,0.02,0.17,0.00,0.74,0.74,0.81,0.49,0.75,0.40,0.43,0.12
0.15,0.04,0.15,0.53,0.15,0.23,0.41,0.40,0.07,0.34,0.61,0.50,0.71,0.45,0.53,0.02,0.08,0.22,0.43,0.12,0.70,0.65,0.01,0.21,0.04,0.16,0.67,0.03,0.71,0.02,0.16,0.59,0.35,0.68,0.03,0.23,0.11,0.12,0.05,0.67,0.26,0.12,0.16,0.09,0.11,0.23,0.29,0.26,0.24,0.29,0.54,0.59,0.16,0.25,0.14,0.54,0.60,0.14,0.08,0.02,0.58,0.21,0.06,0.73,0.32,0.70,0.43,0.34,0.61,0.06,0.41,0.60,0.07,0.68,0.47,0.16,0.52,0.12,0.31,0.50,0.53,0.57,0.21,0.50,0.20,0.34,0.17,0.15,0.24,0.72,0.57,0.74,0.00,0.00,0.07,0.25,0.01,0.34,0.31,0.62
0.15,0.04,0.15,0.52,0.15,0.23,0.40,0.40,0.07,0.33,0.60,0.50,0.71,0.45,0.53,0.02,0.08,0.22,0.43,0.12,0.70,0.65,0.01,0.21,0.04,0.16,0.67,0.03,0.70,0.02,0.16,0.59,0.35,0.68,0.02,0.23,0.11,0.12,0.05,0.67,0.26,0.12,0.16,0.09,0.11,0.22,0.28,0.25,0.25,0.29,0.54,0.59,0.16,0.24,0.15,0.54,0.60,0.14,0.08,0.02,0.58,0.21,0.06,0.73,0.32,0.69,0.43,0.34,0.61,0.05,0.41,0.60,0.06,0.68,0.46,0.16,0.52,0.12,0.31,0.50,0.53,0.57,0.21,0.50,0.20,0.34,0.17,0.15,0.24,0.72,0.57,0.74,0.00,0.00,0.07,0.25,0.02,0.34,0.30,0.62
0.08,0.11,0.07,0.60,0.07,0.30,0.48,0.47,0.00,0.41,0.68,0.57,0.79,0.52,0.61,0.05,0.00,0.15,0.50,0.20,0.77,0.72,0.08,0.14,0.11,0.24,0.74,0.11,0.78,0.09,0.08,0.66,0.42,0.75,0.10,0.30,0.18,0.05,0.02,0.74,0.19,0.19,0.23,0.01,0.18,0.30,0.36,0.33,0.17,0.37,0.61,0.67,0.24,0.32,0.07,0.61,0.67,0.07,0.15,0.09,0.65,0.29,0.13,0.80,0.39,0.77,0.50,0.41,0.69,0.13,0.48,0.68,0.14,0.75,0.54,0.23,0.60,0.19,0.38,0.57,0.61,0.65,0.14,0.57,0.27,0.41,0.24,0.08,0.31,0.79,0.64,0.81,0.07,0.07,0.00,0.32,0.06,0.41,0.38,0.70
0.40,0.21,0.40,0.28,0.40,0.02,0.16,0.15,0.32,0.09,0.36,0.25,0.46,0.20,0.28,0.27,0.33,0.47,0.18,0.13,0.45,0.40,0.24,0.46,0.21,0.09,0.42,0.22,0.46,0.23,0.41,0.34,0.10,0.43,0.22,0.02,0.14,0.37,0.30,0.42,0.51,0.13,0.09,0.34,0.14,0.02,0.04,0.01,0.50,0.04,0.29,0.34,0.09,0.00,0.39,0.29,0.35,0.39,0.17,0.23,0.33,0.04,0.19,0.48,0.07,0.44,0.18,0.09,0.36,0.19,0.16,0.35,0.18,0.43,0.22,0.09,0.27,0.13,0.06,0.25,0.28,0.32,0.46,0.25,0.05,0.09,0.08,0.40,0.01,0.47,0.32,0.49,0.25,0.25,0.32,0.00,0.26,0.09,0.06,0.37
0.14,0.05,0.13,0.54,0.13,0.24,0.42,0.41,0.05,0.35,0.62,0.51,0.73,0.46,0.55,0.01,0.06,0.21,0.44,0.14,0.71,0.67,0.02,0.20,0.05,0.18,0.68,0.05,0.72,0.03,0.14,0.60,0.37,0.69,0.04,0.24,0.12,0.11,0.04,0.68,0.25,0.13,0.17,0.07,0.12,0.24,0.30,0.27,0.23,0.31,0.55,0.61,0.18,0.26,0.13,0.55,0.61,0.13,0.09,0.03,0.59,0.23,0.07,0.74,0.33,0.71,0.44,0.35,0.63,0.07,0.42,0.62,0.08,0.69,0.48,0.17,0.54,0.13,0.32,0.51,0.55,0.59,0.19,0.51,0.21,0.35,0.18,0.14,0.25,0.73,0.58,0.75,0.01,0.02,0.06,0.26,0.00,0.35,0.32,0.64
0.49,0.30,0.49,0.19,0.49,0.11,0.07,0.06,0.41,0.00,0.27,0.16,0.37,0.11,0.19,0.36,0.42,0.56,0.09,0.22,0.36,0.31,0.33,0.55,0.30,0.18,0.33,0.31,0.37,0.32,0.50,0.25,0.01,0.34,0.31,0.11,0.23,0.46,0.39,0.33,0.60,0.22,0.18,0.43,0.23,0.11,0.05,0.08,0.58,0.05,0.20,0.25,0.18,0.09,0.48,0.20,0.26,0.48,0.26,0.32,0.24,0.13,0.28,0.39,0.02,0.36,0.09,0.00,0.27,0.28,0.07,0.26,0.27,0.34,0.13,0.18,0.18,0.22,0.03,0.16,0.19,0.23,0.55,0.16,0.14,0.00,0.17,0.49,0.10,0.38,0.23,0.40,0.34,0.34,0.41,0.09,0.35,0.00,0.03,0.28
0.46,0.27,0.45,0.22,0.45,0.08,0.10,0.09,0.37,0.03,0.30,0.19,0.41,0.14,0.23,0.33,0.38,0.52,0.12,0.18,0.39,0.35,0.30,0.52,0.27,0.14,0.36,0.27,0.40,0.29,0.46,0.28,0.05,0.37,0.28,0.08,0.20,0.43,0.36,0.36,0.57,0.19,0.15,0.39,0.20,0.08,0.02,0.05,0.55,0.01,0.23,0.29,0.14,0.06,0.45,0.23,0.29,0.45,0.23,0.29,0.27,0.09,0.25,0.42,0.01,0.39,0.12,0.03,0.31,0.25,0.10,0.30,0.24,0.38,0.16,0.15,0.22,0.19,0.00,0.19,0.23,0.27,0.51,0.19,0.11,0.03,0.14,0.46,0.07,0.41,0.26,0.43,0.31,0.30,0.38,0.06,0.32,0.03,0.00,0.32
0.78,0.58,0.77,0.10,0.77,0.39,0.22,0.23,0.69,0.29,0.02,0.12,0.09,0.17,0.09,0.64,0.70,0.84,0.19,0.50,0.07,0.03,0.61,0.83,0.58,0.46,0.04,0.59,0.08,0.61,0.78,0.04,0.27,0.06,0.60,0.40,0.52,0.75,0.67,0.05,0.88,0.51,0.47,0.71,0.52,0.40,0.34,0.37,0.87,0.33,0.09,0.03,0.46,0.38,0.77,0.08,0.03,0.77,0.54,0.60,0.04,0.41,0.57,0.11,0.30,0.07,0.19,0.28,0.01,0.57,0.21,0.02,0.56,0.06,0.16,0.47,0.10,0.50,0.32,0.12,0.09,0.05,0.83,0.13,0.42,0.29,0.45,0.78,0.38,0.09,0.05,0.12,0.62,0.62,0.70,0.37,0.64,0.28,0.32,0.00
