0.00,0.00,0.00,0.00,2.00,0.00,0.00,0.00,2.00,0.00,0.00,0.00,0.00,0.00,0.00,0.00,0.00,0.00,0.00,0.00,0.00,0.00,0.00,3.00,0.00,0.00,0.00,0.00,0.00,2.00,0.00,0.00,0.00,0.00,0.00,0.00,2.00,0.00,0.00,0.00,0.00,0.00,0.00,0.00,8.00,0.00,0.00,0.00,0.00,0.00,0.00,0.00,2.00,0.00,0.00,7.00,0.00,0.00,0.00,0.00,2.00,2.00,0.00,0.00,0.00,0.00,0.00,0.00,0.00,0.00,0.00,0.00,0.00,0.00,0.00
0.00,0.00,0.00,0.00,0.00,0.00,0.00,0.00,0.00,0.00,0.00,0.00,0.00,0.00,0.00,0.00,7.00,0.00,0.00,0.00,0.00,0.00,0.00,0.00,0.00,9.00,0.00,20.00,0.00,0.00,0.00,0.00,0.00,0.00,0.00,0.00,2.00,0.00,0.00,0.00,0.00,0.00,0.00,0.00,0.00,0.00,3.00,0.00,10.00,0.00,0.00,4.00,0.00,0.00,0.00,0.00,0.00,0.00,0.00,18.00,0.00,0.00,0.00,0.00,0.00,0.00,0.00,0.00,0.00,0.00,0.00,0.00,0.00,0.00,0.00
0.00,0.00,0.00,5.00,0.00,0.00,5.00,0.00,7.00,9.00,0.00,0.00,0.00,0.00,7.00,0.00,0.00,0.00,7.00,0.00,2.00,4.00,0.00,3.00,0.00,0.00,24.00,20.00,0.00,0.00,7.00,0.00,0.00,5.00,0.00,0.00,0.00,0.00,0.00,5.00,0.00,0.00,0.00,5.00,90.00,0.00,0.00,3.00,0.00,0.00,0.00,0.00,0.00,0.00,6.00,10.00,0.00,0.00,0.00,0.00,53.00,11.00,0.00,0.00,0.00,44.00,0.00,2.00,0.00,0.00,7.00,0.00,0.00,0.00,18.00
0.00,0.00,5.00,0.00,0.00,0.00,0.00,0.00,0.00,2.00,0.00,0.00,0.00,0.00,0.00,0.00,0.00,0.00,2.00,0.00,0.00,3.00,0.00,0.00,0.00,0.00,2.00,0.00,0.00,0.00,0.00,0.00,0.00,0.00,0.00,0.00,0.00,0.00,0.00,0.00,0.00,0.00,0.00,0.00,8.00,0.00,0.00,2.00,0.00,0.00,0.00,0.00,0.00,0.00,0.00,0.00,0.00,0.00,0.00,0.00,2.00,0.00,0.00,0.00,0.00,0.00,0.00,0.00,0.00,0.00,0.00,0.00,0.00,0.00,4.00
2.00,0.00,0.00,0.00,0.00,0.00,0.00,0.00,0.00,13.00,0.00,0.00,0.00,0.00,0.00,0.00,0.00,0.00,0.00,0.00,0.00,0.00,0.00,4.00,0.00,0.00,5.00,0.00,0.00,0.00,0.00,0.00,3.00,4.00,0.00,0.00,0.00,0.00,0.00,0.00,0.00,0.00,0.00,0.00,25.00,0.00,0.00,4.00,0.00,0.00,0.00,0.00,3.00,0.00,0.00,22.00,0.00,0.00,0.00,0.00,0.00,0.00,0.00,0.00,0.00,0.00,0.00,0.00,0.00,0.00,6.00,0.00,0.00,0.00,0.00
0.00,0.00,0.00,0.00,0.00,0.00,0.00,0.00,2.00,2.00,0.00,0.00,0.00,0.00,0.00,0.00,0.00,0.00,0.00,0.00,0.00,0.00,0.00,0.00,0.00,2.00,0.00,33.00,0.00,0.00,0.00,0.00,0.00,0.00,0.00,0.00,0.00,0.00,0.00,0.00,0.00,0.00,0.00,0.00,14.00,0.00,0.00,0.00,0.00,0.00,0.00,0.00,0.00,0.00,5.00,2.00,0.00,0.00,0.00,0.00,0.00,0.00,0.00,0.00,0.00,0.00,0.00,17.00,0.00,0.00,0.00,0.00,0.00,0.00,5.00
0.00,0.00,5.00,0.00,0.00,0.00,0.00,0.00,28.00,4.00,0.00,0.00,0.00,0.00,0.00,0.00,0.00,11.00,2.00,0.00,0.00,0.00,0.00,9.00,0.00,0.00,0.00,19.00,0.00,0.00,0.00,0.00,0.00,0.00,0.00,0.00,0.00,53.00,0.00,0.00,0.00,0.00,0.00,0.00,29.00,29.00,0.00,0.00,0.00,0.00,0.00,0.00,0.00,0.00,48.00,7.00,0.00,5.00,0.00,0.00,0.00,0.00,0.00,0.00,0.00,0.00,26.00,15.00,0.00,0.00,0.00,0.00,0.00,0.00,0.00
0.00,0.00,0.00,0.00,0.00,0.00,0.00,0.00,7.00,0.00,0.00,0.00,0.00,0.00,0.00,0.00,0.00,0.00,0.00,0.00,0.00,0.00,0.00,0.00,0.00,0.00,0.00,0.00,0.00,0.00,0.00,2.00,0.00,0.00,0.00,5.00,0.00,0.00,2.00,0.00,0.00,3.00,0.00,0.00,0.00,0.00,0.00,0.00,0.00,0.00,0.00,0.00,0.00,0.00,0.00,0.00,3.00,6.00,0.00,0.00,0.00,0.00,11.00,5.00,0.00,0.00,0.00,86.00,5.00,4.00,0.00,0.00,0.00,0.00,0.00
2.00,0.00,7.00,0.00,0.00,2.00,28.00,7.00,0.00,22.00,2.00,0.00,0.00,0.00,0.00,11.00,0.00,0.00,2.00,0.00,0.00,0.00,0.00,28.00,0.00,0.00,3.00,14.00,4.00,0.00,0.00,0.00,0.00,26.00,0.00,30.00,0.00,26.00,4.00,0.00,0.00,5.00,0.00,0.00,69.00,0.00,0.00,0.00,0.00,0.00,0.00,0.00,0.00,0.00,90.00,15.00,10.00,28.00,0.00,0.00,14.00,0.00,0.00,0.00,0.00,0.00,16.00,41.00,4.00,13.00,11.00,0.00,34.00,0.00,3.00
0.00,0.00,9.00,2.00,13.00,2.00,4.00,0.00,22.00,0.00,0.00,0.00,0.00,0.00,0.00,0.00,0.00,0.00,4.00,0.00,0.00,3.00,0.00,46.00,0.00,2.00,54.00,3.00,3.00,0.00,0.00,0.00,3.00,8.00,0.00,0.00,0.00,0.00,0.00,2.00,0.00,0.00,0.00,0.00,86.00,0.00,0.00,9.00,0.00,0.00,0.00,0.00,3.00,0.00,8.00,80.00,0.00,0.00,2.00,0.00,36.00,0.00,0.00,0.00,2.00,0.00,0.00,18.00,3.00,0.00,13.00,0.00,0.00,0.00,2.00
0.00,0.00,0.00,0.00,0.00,0.00,0.00,0.00,2.00,0.00,0.00,0.00,34.00,91.00,0.00,0.00,0.00,0.00,0.00,0.00,10.00,0.00,32.00,0.00,0.00,0.00,0.00,0.00,0.00,154.00,0.00,0.00,0.00,0.00,0.00,0.00,0.00,0.00,0.00,0.00,45.00,0.00,0.00,0.00,3.00,0.00,0.00,0.00,0.00,28.00,17.00,0.00,0.00,13.00,0.00,5.00,0.00,0.00,0.00,0.00,2.00,0.00,0.00,0.00,0.00,0.00,0.00,0.00,0.00,0.00,4.00,66.00,0.00,19.00,0.00
0.00,0.00,0.00,0.00,0.00,0.00,0.00,0.00,0.00,0.00,0.00,0.00,0.00,0.00,0.00,0.00,2.00,0.00,0.00,0.00,0.00,0.00,0.00,0.00,0.00,2.00,0.00,4.00,0.00,0.00,0.00,0.00,0.00,0.00,0.00,0.00,2.00,0.00,0.00,0.00,0.00,0.00,0.00,0.00,0.00,0.00,0.00,0.00,8.00,0.00,0.00,2.00,0.00,0.00,0.00,0.00,0.00,0.00,0.00,4.00,0.00,0.00,0.00,0.00,0.00,0.00,0.00,0.00,0.00,0.00,0.00,0.00,0.00,0.00,0.00
0.00,0.00,0.00,0.00,0.00,0.00,0.00,0.00,0.00,0.00,34.00,0.00,0.00,3.00,0.00,0.00,0.00,0.00,0.00,0.00,0.00,0.00,5.00,0.00,0.00,0.00,0.00,0.00,0.00,2.00,0.00,0.00,0.00,0.00,0.00,0.00,0.00,0.00,0.00,0.00,0.00,0.00,0.00,0.00,0.00,0.00,0.00,0.00,0.00,0.00,0.00,0.00,0.00,0.00,0.00,0.00,0.00,0.00,0.00,0.00,0.00,0.00,0.00,0.00,0.00,0.00,0.00,0.00,0.00,0.00,0.00,30.00,0.00,3.00,0.00
0.00,0.00,0.00,0.00,0.00,0.00,0.00,0.00,0.00,0.00,91.00,0.00,3.00,0.00,0.00,0.00,0.00,0.00,0.00,0.00,6.00,0.00,2.00,0.00,0.00,0.00,0.00,0.00,0.00,20.00,0.00,0.00,0.00,0.00,0.00,0.00,0.00,0.00,0.00,0.00,9.00,0.00,0.00,0.00,0.00,0.00,0.00,0.00,0.00,6.00,5.00,0.00,0.00,6.00,0.00,2.00,0.00,0.00,0.00,0.00,0.00,0.00,0.00,0.00,0.00,0.00,0.00,0.00,0.00,0.00,0.00,27.00,0.00,0.00,0.00
0.00,0.00,7.00,0.00,0.00,0.00,0.00,0.00,0.00,0.00,0.00,0.00,0.00,0.00,0.00,0.00,0.00,0.00,0.00,0.00,0.00,0.00,0.00,0.00,0.00,0.00,0.00,0.00,0.00,0.00,0.00,0.00,0.00,0.00,0.00,0.00,0.00,0.00,0.00,0.00,0.00,0.00,0.00,0.00,12.00,0.00,0.00,0.00,0.00,0.00,0.00,0.00,0.00,0.00,0.00,0.00,0.00,0.00,0.00,0.00,0.00,0.00,0.00,0.00,0.00,0.00,0.00,0.00,0.00,0.00,2.00,0.00,0.00,0.00,2.00
0.00,0.00,0.00,0.00,0.00,0.00,0.00,0.00,11.00,0.00,0.00,0.00,0.00,0.00,0.00,0.00,0.00,0.00,0.00,0.00,0.00,0.00,0.00,3.00,0.00,0.00,0.00,0.00,0.00,0.00,0.00,0.00,0.00,0.00,0.00,0.00,0.00,0.00,0.00,0.00,0.00,0.00,0.00,0.00,2.00,0.00,0.00,0.00,0.00,0.00,0.00,0.00,2.00,0.00,31.00,0.00,0.00,7.00,0.00,0.00,0.00,0.00,0.00,0.00,2.00,0.00,11.00,0.00,3.00,0.00,0.00,0.00,2.00,0.00,0.00
0.00,7.00,0.00,0.00,0.00,0.00,0.00,0.00,0.00,0.00,0.00,2.00,0.00,0.00,0.00,0.00,0.00,0.00,0.00,0.00,0.00,0.00,0.00,0.00,0.00,4.00,0.00,24.00,0.00,0.00,0.00,0.00,0.00,0.00,0.00,0.00,0.00,0.00,0.00,0.00,0.00,0.00,0.00,0.00,0.00,0.00,0.00,0.00,36.00,0.00,0.00,6.00,0.00,0.00,0.00,0.00,0.00,0.00,0.00,16.00,0.00,0.00,0.00,0.00,0.00,0.00,0.00,6.00,0.00,0.00,0.00,0.00,0.00,0.00,0.00
0.00,0.00,0.00,0.00,0.00,0.00,11.00,0.00,0.00,0.00,0.00,0.00,0.00,0.00,0.00,0.00,0.00,0.00,0.00,0.00,0.00,0.00,0.00,0.00,0.00,0.00,0.00,0.00,0.00,0.00,0.00,0.00,0.00,0.00,0.00,0.00,0.00,0.00,0.00,0.00,0.00,0.00,0.00,0.00,0.00,2.00,0.00,0.00,0.00,0.00,0.00,0.00,0.00,0.00,3.00,0.00,0.00,0.00,0.00,0.00,0.00,0.00,0.00,0.00,0.00,0.00,3.00,3.00,0.00,0.00,0.00,0.00,0.00,0.00,0.00
0.00,0.00,7.00,2.00,0.00,0.00,2.00,0.00,2.00,4.00,0.00,0.00,0.00,0.00,0.00,0.00,0.00,0.00,0.00,0.00,0.00,3.00,0.00,2.00,0.00,0.00,16.00,0.00,0.00,0.00,0.00,0.00,0.00,5.00,4.00,0.00,0.00,0.00,0.00,8.00,0.00,0.00,5.00,0.00,10.00,0.00,0.00,0.00,0.00,0.00,0.00,0.00,0.00,0.00,2.00,6.00,0.00,0.00,0.00,0.00,19.00,0.00,0.00,0.00,0.00,0.00,0.00,10.00,0.00,0.00,0.00,0.00,0.00,0.00,2.00
0.00,0.00,0.00,0.00,0.00,0.00,0.00,0.00,0.00,0.00,0.00,0.00,0.00,0.00,0.00,0.00,0.00,0.00,0.00,0.00,0.00,0.00,0.00,0.00,0.00,0.00,0.00,0.00,2.00,0.00,7.00,0.00,0.00,4.00,0.00,0.00,0.00,0.00,0.00,0.00,0.00,0.00,2.00,0.00,6.00,0.00,0.00,0.00,0.00,0.00,0.00,0.00,0.00,0.00,0.00,0.00,0.00,0.00,0.00,0.00,2.00,0.00,0.00,0.00,0.00,0.00,0.00,0.00,0.00,0.00,0.00,0.00,0.00,0.00,0.00
0.00,0.00,2.00,0.00,0.00,0.00,0.00,0.00,0.00,0.00,10.00,0.00,0.00,6.00,0.00,0.00,0.00,0.00,0.00,0.00,0.00,0.00,0.00,0.00,0.00,0.00,0.00,0.00,0.00,2.00,0.00,0.00,0.00,0.00,0.00,0.00,0.00,0.00,0.00,0.00,0.00,0.00,0.00,0.00,0.00,0.00,0.00,0.00,0.00,0.00,0.00,0.00,0.00,0.00,0.00,0.00,0.00,0.00,0.00,0.00,0.00,0.00,0.00,0.00,0.00,0.00,0.00,0.00,0.00,0.00,9.00,25.00,0.00,0.00,0.00
0.00,0.00,4.00,3.00,0.00,0.00,0.00,0.00,0.00,3.00,0.00,0.00,0.00,0.00,0.00,0.00,0.00,0.00,3.00,0.00,0.00,0.00,0.00,0.00,0.00,0.00,4.00,0.00,0.00,0.00,0.00,0.00,0.00,0.00,0.00,0.00,0.00,0.00,0.00,2.00,0.00,0.00,0.00,0.00,4.00,0.00,0.00,0.00,0.00,0.00,0.00,0.00,0.00,0.00,0.00,0.00,0.00,0.00,0.00,0.00,4.00,0.00,0.00,0.00,0.00,0.00,0.00,0.00,0.00,0.00,2.00,0.00,0.00,0.00,4.00
0.00,0.00,0.00,0.00,0.00,0.00,0.00,0.00,0.00,0.00,32.00,0.00,5.00,2.00,0.00,0.00,0.00,0.00,0.00,0.00,0.00,0.00,0.00,0.00,0.00,0.00,0.00,0.00,0.00,9.00,0.00,0.00,0.00,0.00,0.00,0.00,0.00,0.00,0.00,0.00,0.00,0.00,0.00,0.00,0.00,0.00,0.00,0.00,0.00,0.00,11.00,0.00,0.00,0.00,0.00,0.00,0.00,0.00,0.00,0.00,0.00,0.00,0.00,0.00,0.00,0.00,0.00,0.00,0.00,0.00,0.00,3.00,0.00,0.00,0.00
3.00,0.00,3.00,0.00,4.00,0.00,9.00,0.00,28.00,46.00,0.00,0.00,0.00,0.00,0.00,3.00,0.00,0.00,2.00,0.00,0.00,0.00,0.00,0.00,0.00,0.00,6.00,10.00,2.00,0.00,27.00,5.00,0.00,5.00,0.00,0.00,0.00,0.00,0.00,0.00,0.00,0.00,0.00,0.00,53.00,0.00,0.00,0.00,0.00,0.00,0.00,0.00,0.00,0.00,10.00,20.00,0.00,0.00,4.00,0.00,2.00,0.00,0.00,0.00,0.00,0.00,4.00,34.00,34.00,0.00,0.00,0.00,0.00,0.00,0.00
0.00,0.00,0.00,0.00,0.00,0.00,0.00,0.00,0.00,0.00,0.00,0.00,0.00,0.00,0.00,0.00,0.00,0.00,0.00,0.00,0.00,0.00,0.00,0.00,0.00,0.00,0.00,0.00,0.00,0.00,0.00,0.00,0.00,2.00,0.00,0.00,0.00,0.00,0.00,0.00,0.00,0.00,0.00,0.00,13.00,0.00,0.00,2.00,0.00,0.00,0.00,0.00,3.00,0.00,0.00,0.00,0.00,0.00,0.00,0.00,0.00,0.00,0.00,0.00,0.00,0.00,0.00,0.00,0.00,0.00,5.00,0.00,0.00,0.00,0.00
0.00,9.00,0.00,0.00,0.00,2.00,0.00,0.00,0.00,2.00,0.00,2.00,0.00,0.00,0.00,0.00,4.00,0.00,0.00,0.00,0.00,0.00,0.00,0.00,0.00,0.00,2.00,60.00,0.00,0.00,0.00,0.00,0.00,0.00,0.00,0.00,9.00,0.00,0.00,0.00,0.00,0.00,0.00,0.00,3.00,0.00,6.00,0.00,10.00,0.00,0.00,0.00,0.00,0.00,0.00,3.00,0.00,0.00,0.00,17.00,0.00,0.00,0.00,0.00,0.00,0.00,0.00,15.00,0.00,0.00,0.00,0.00,0.00,0.00,0.00
0.00,0.00,24.00,2.00,5.00,0.00,0.00,0.00,3.00,54.00,0.00,0.00,0.00,0.00,0.00,0.00,0.00,0.00,16.00,0.00,0.00,4.00,0.00,6.00,0.00,2.00,0.00,2.00,0.00,0.00,0.00,0.00,0.00,12.00,0.00,0.00,0.00,0.00,14.00,12.00,0.00,0.00,0.00,10.00,39.00,0.00,0.00,13.00,0.00,0.00,0.00,0.00,3.00,0.00,12.00,28.00,0.00,0.00,0.00,0.00,69.00,5.00,0.00,0.00,0.00,0.00,0.00,15.00,3.00,0.00,15.00,0.00,0.00,0.00,3.00
0.00,20.00,20.00,0.00,0.00,33.00,19.00,0.00,14.00,3.00,0.00,4.00,0.00,0.00,0.00,0.00,24.00,0.00,0.00,0.00,0.00,0.00,0.00,10.00,0.00,60.00,2.00,0.00,0.00,0.00,0.00,0.00,0.00,0.00,0.00,0.00,28.00,0.00,0.00,0.00,0.00,0.00,0.00,0.00,29.00,0.00,5.00,0.00,42.00,0.00,0.00,7.00,0.00,0.00,25.00,3.00,0.00,2.00,2.00,121.00,0.00,0.00,0.00,0.00,0.00,0.00,7.00,45.00,0.00,0.00,0.00,0.00,0.00,0.00,0.00
0.00,0.00,0.00,0.00,0.00,0.00,0.00,0.00,4.00,3.00,0.00,0.00,0.00,0.00,0.00,0.00,0.00,0.00,0.00,2.00,0.00,0.00,0.00,2.00,0.00,0.00,0.00,0.00,0.00,0.00,0.00,0.00,0.00,5.00,0.00,5.00,0.00,0.00,0.00,0.00,0.00,0.00,0.00,0.00,12.00,0.00,0.00,3.00,0.00,0.00,0.00,0.00,0.00,0.00,0.00,7.00,3.00,0.00,0.00,0.00,0.00,0.00,0.00,0.00,0.00,0.00,0.00,0.00,0.00,0.00,2.00,0.00,0.00,0.00,0.00
2.00,0.00,0.00,0.00,0.00,0.00,0.00,0.00,0.00,0.00,154.00,0.00,2.00,20.00,0.00,0.00,0.00,0.00,0.00,0.00,2.00,0.00,9.00,0.00,0.00,0.00,0.00,0.00,0.00,0.00,0.00,0.00,0.00,0.00,0.00,0.00,0.00,0.00,0.00,0.00,8.00,0.00,0.00,0.00,2.00,0.00,0.00,0.00,0.00,5.00,30.00,0.00,0.00,3.00,0.00,0.00,0.00,0.00,0.00,0.00,0.00,0.00,0.00,0.00,0.00,0.00,0.00,0.00,0.00,0.00,2.00,43.00,0.00,10.00,0.00
0.00,0.00,7.00,0.00,0.00,0.00,0.00,0.00,0.00,0.00,0.00,0.00,0.00,0.00,0.00,0.00,0.00,0.00,0.00,7.00,0.00,0.00,0.00,27.00,0.00,0.00,0.00,0.00,0.00,0.00,0.00,0.00,0.00,7.00,0.00,0.00,0.00,0.00,0.00,0.00,0.00,0.00,0.00,0.00,44.00,0.00,0.00,0.00,0.00,0.00,0.00,0.00,0.00,0.00,0.00,4.00,0.00,0.00,0.00,0.00,0.00,0.00,0.00,0.00,0.00,0.00,2.00,0.00,0.00,0.00,0.00,0.00,0.00,0.00,0.00
0.00,0.00,0.00,0.00,0.00,0.00,0.00,2.00,0.00,0.00,0.00,0.00,0.00,0.00,0.00,0.00,0.00,0.00,0.00,0.00,0.00,0.00,0.00,5.00,0.00,0.00,0.00,0.00,0.00,0.00,0.00,0.00,0.00,0.00,0.00,0.00,0.00,0.00,0.00,0.00,0.00,0.00,0.00,0.00,0.00,0.00,0.00,0.00,0.00,0.00,0.00,0.00,0.00,0.00,0.00,0.00,0.00,0.00,0.00,0.00,0.00,0.00,0.00,2.00,0.00,0.00,0.00,14.00,12.00,0.00,0.00,0.00,0.00,0.00,0.00
0.00,0.00,0.00,0.00,3.00,0.00,0.00,0.00,0.00,3.00,0.00,0.00,0.00,0.00,0.00,0.00,0.00,0.00,0.00,0.00,0.00,0.00,0.00,0.00,0.00,0.00,0.00,0.00,0.00,0.00,0.00,0.00,0.00,0.00,0.00,0.00,0.00,0.00,0.00,0.00,0.00,0.00,0.00,0.00,4.00,0.00,0.00,0.00,0.00,0.00,0.00,0.00,2.00,0.00,0.00,15.00,0.00,0.00,0.00,0.00,0.00,0.00,0.00,0.00,0.00,0.00,0.00,0.00,0.00,0.00,0.00,0.00,0.00,0.00,0.00
0.00,0.00,5.00,0.00,4.00,0.00,0.00,0.00,26.00,8.00,0.00,0.00,0.00,0.00,0.00,0.00,0.00,0.00,5.00,4.00,0.00,0.00,0.00,5.00,2.00,0.00,12.00,0.00,5.00,0.00,7.00,0.00,0.00,0.00,2.00,0.00,0.00,0.00,0.00,0.00,0.00,0.00,6.00,0.00,107.00,0.00,0.00,19.00,0.00,0.00,0.00,0.00,17.00,0.00,0.00,14.00,0.00,0.00,19.00,0.00,22.00,4.00,0.00,0.00,3.00,0.00,0.00,6.00,4.00,0.00,73.00,0.00,0.00,0.00,2.00
0.00,0.00,0.00,0.00,0.00,0.00,0.00,0.00,0.00,0.00,0.00,0.00,0.00,0.00,0.00,0.00,0.00,0.00,4.00,0.00,0.00,0.00,0.00,0.00,0.00,0.00,0.00,0.00,0.00,0.00,0.00,0.00,0.00,2.00,0.00,0.00,0.00,0.00,0.00,0.00,0.00,0.00,4.00,0.00,4.00,0.00,0.00,0.00,0.00,0.00,0.00,0.00,47.00,0.00,0.00,3.00,0.00,0.00,0.00,0.00,4.00,0.00,0.00,0.00,0.00,0.00,0.00,0.00,0.00,0.00,0.00,0.00,0.00,0.00,0.00
0.00,0.00,0.00,0.00,0.00,0.00,0.00,5.00,30.00,0.00,0.00,0.00,0.00,0.00,0.00,0.00,0.00,0.00,0.00,0.00,0.00,0.00,0.00,0.00,0.00,0.00,0.00,0.00,5.00,0.00,0.00,0.00,0.00,0.00,0.00,0.00,0.00,0.00,0.00,0.00,0.00,5.00,0.00,0.00,0.00,0.00,0.00,0.00,0.00,0.00,0.00,0.00,0.00,0.00,0.00,0.00,30.00,0.00,0.00,0.00,0.00,0.00,0.00,0.00,0.00,0.00,0.00,30.00,0.00,7.00,0.00,0.00,0.00,0.00,0.00
2.00,2.00,0.00,0.00,0.00,0.00,0.00,0.00,0.00,0.00,0.00,2.00,0.00,0.00,0.00,0.00,0.00,0.00,0.00,0.00,0.00,0.00,0.00,0.00,0.00,9.00,0.00,28.00,0.00,0.00,0.00,0.00,0.00,0.00,0.00,0.00,0.00,0.00,0.00,0.00,0.00,0.00,0.00,0.00,0.00,0.00,0.00,0.00,6.00,0.00,0.00,0.00,0.00,0.00,0.00,0.00,0.00,0.00,0.00,6.00,0.00,0.00,0.00,0.00,0.00,0.00,0.00,7.00,0.00,0.00,0.00,0.00,0.00,0.00,0.00
0.00,0.00,0.00,0.00,0.00,0.00,53.00,0.00,26.00,0.00,0.00,0.00,0.00,0.00,0.00,0.00,0.00,0.00,0.00,0.00,0.00,0.00,0.00,0.00,0.00,0.00,0.00,0.00,0.00,0.00,0.00,0.00,0.00,0.00,0.00,0.00,0.00,0.00,0.00,0.00,0.00,0.00,0.00,0.00,5.00,12.00,0.00,0.00,0.00,0.00,0.00,0.00,0.00,0.00,17.00,2.00,0.00,2.00,0.00,0.00,2.00,0.00,0.00,0.00,0.00,0.00,13.00,7.00,0.00,0.00,0.00,0.00,0.00,0.00,0.00
0.00,0.00,0.00,0.00,0.00,0.00,0.00,2.00,4.00,0.00,0.00,0.00,0.00,0.00,0.00,0.00,0.00,0.00,0.00,0.00,0.00,0.00,0.00,0.00,0.00,0.00,14.00,0.00,0.00,0.00,0.00,0.00,0.00,0.00,0.00,0.00,0.00,0.00,0.00,2.00,0.00,0.00,0.00,0.00,0.00,0.00,0.00,0.00,0.00,0.00,0.00,0.00,0.00,0.00,0.00,0.00,0.00,5.00,0.00,0.00,0.00,0.00,0.00,0.00,0.00,0.00,0.00,5.00,0.00,0.00,0.00,0.00,0.00,0.00,2.00
0.00,0.00,5.00,0.00,0.00,0.00,0.00,0.00,0.00,2.00,0.00,0.00,0.00,0.00,0.00,0.00,0.00,0.00,8.00,0.00,0.00,2.00,0.00,0.00,0.00,0.00,12.00,0.00,0.00,0.00,0.00,0.00,0.00,0.00,0.00,0.00,0.00,0.00,2.00,0.00,0.00,0.00,0.00,0.00,3.00,0.00,0.00,0.00,0.00,0.00,0.00,0.00,0.00,0.00,0.00,0.00,0.00,0.00,0.00,0.00,10.00,0.00,0.00,0.00,0.00,11.00,0.00,0.00,0.00,0.00,0.00,0.00,0.00,0.00,0.00
0.00,0.00,0.00,0.00,0.00,0.00,0.00,0.00,0.00,0.00,45.00,0.00,0.00,9.00,0.00,0.00,0.00,0.00,0.00,0.00,0.00,0.00,0.00,0.00,0.00,0.00,0.00,0.00,0.00,8.00,0.00,0.00,0.00,0.00,0.00,0.00,0.00,0.00,0.00,0.00,0.00,0.00,0.00,0.00,0.00,0.00,0.00,0.00,0.00,15.00,4.00,0.00,0.00,0.00,0.00,0.00,0.00,0.00,0.00,0.00,0.00,0.00,0.00,0.00,0.00,0.00,0.00,0.00,0.00,0.00,0.00,0.00,0.00,0.00,0.00
0.00,0.00,0.00,0.00,0.00,0.00,0.00,3.00,5.00,0.00,0.00,0.00,0.00,0.00,0.00,0.00,0.00,0.00,0.00,0.00,0.00,0.00,0.00,0.00,0.00,0.00,0.00,0.00,0.00,0.00,0.00,0.00,0.00,0.00,0.00,5.00,0.00,0.00,0.00,0.00,0.00,0.00,0.00,0.00,0.00,0.00,0.00,0.00,0.00,0.00,0.00,0.00,0.00,0.00,0.00,0.00,3.00,2.00,0.00,0.00,0.00,0.00,0.00,0.00,0.00,0.00,0.00,31.00,0.00,3.00,0.00,0.00,0.00,0.00,0.00
0.00,0.00,0.00,0.00,0.00,0.00,0.00,0.00,0.00,0.00,0.00,0.00,0.00,0.00,0.00,0.00,0.00,0.00,5.00,2.00,0.00,0.00,0.00,0.00,0.00,0.00,0.00,0.00,0.00,0.00,0.00,0.00,0.00,6.00,4.00,0.00,0.00,0.00,0.00,0.00,0.00,0.00,0.00,0.00,5.00,0.00,0.00,0.00,0.00,0.00,0.00,0.00,0.00,0.00,0.00,4.00,0.00,0.00,0.00,0.00,4.00,0.00,0.00,0.00,0.00,0.00,0.00,0.00,0.00,0.00,0.00,0.00,0.00,0.00,0.00
0.00,0.00,5.00,0.00,0.00,0.00,0.00,0.00,0.00,0.00,0.00,0.00,0.00,0.00,0.00,0.00,0.00,0.00,0.00,0.00,0.00,0.00,0.00,0.00,0.00,0.00,10.00,0.00,0.00,0.00,0.00,0.00,0.00,0.00,0.00,0.00,0.00,0.00,0.00,0.00,0.00,0.00,0.00,0.00,3.00,0.00,0.00,0.00,0.00,0.00,0.00,0.00,0.00,0.00,0.00,0.00,0.00,0.00,0.00,0.00,4.00,0.00,0.00,0.00,0.00,0.00,0.00,0.00,0.00,0.00,0.00,0.00,0.00,0.00,0.00
8.00,0.00,90.00,8.00,25.00,14.00,29.00,0.00,69.00,86.00,3.00,0.00,0.00,0.00,12.00,2.00,0.00,0.00,10.00,6.00,0.00,4.00,0.00,53.00,13.00,3.00,39.00,29.00,12.00,2.00,44.00,0.00,4.00,107.00,4.00,0.00,0.00,5.00,0.00,3.00,0.00,0.00,5.00,3.00,0.00,0.00,0.00,68.00,3.00,0.00,0.00,0.00,30.00,0.00,23.00,192.00,0.00,10.00,2.00,0.00,49.00,9.00,0.00,0.00,10.00,6.00,13.00,11.00,11.00,0.00,96.00,0.00,0.00,0.00,15.00
0.00,0.00,0.00,0.00,0.00,0.00,29.00,0.00,0.00,0.00,0.00,0.00,0.00,0.00,0.00,0.00,0.00,2.00,0.00,0.00,0.00,0.00,0.00,0.00,0.00,0.00,0.00,0.00,0.00,0.00,0.00,0.00,0.00,0.00,0.00,0.00,0.00,12.00,0.00,0.00,0.00,0.00,0.00,0.00,0.00,0.00,0.00,0.00,0.00,0.00,0.00,0.00,0.00,0.00,8.00,0.00,0.00,0.00,0.00,0.00,0.00,0.00,0.00,0.00,0.00,0.00,25.00,0.00,0.00,0.00,0.00,0.00,0.00,0.00,0.00
0.00,3.00,0.00,0.00,0.00,0.00,0.00,0.00,0.00,0.00,0.00,0.00,0.00,0.00,0.00,0.00,0.00,0.00,0.00,0.00,0.00,0.00,0.00,0.00,0.00,6.00,0.00,5.00,0.00,0.00,0.00,0.00,0.00,0.00,0.00,0.00,0.00,0.00,0.00,0.00,0.00,0.00,0.00,0.00,0.00,0.00,0.00,0.00,2.00,0.00,0.00,0.00,0.00,0.00,0.00,0.00,0.00,0.00,0.00,6.00,0.00,0.00,0.00,0.00,0.00,0.00,0.00,0.00,0.00,0.00,0.00,0.00,0.00,0.00,0.00
0.00,0.00,3.00,2.00,4.00,0.00,0.00,0.00,0.00,9.00,0.00,0.00,0.00,0.00,0.00,0.00,0.00,0.00,0.00,0.00,0.00,0.00,0.00,0.00,2.00,0.00,13.00,0.00,3.00,0.00,0.00,0.00,0.00,19.00,0.00,0.00,0.00,0.00,0.00,0.00,0.00,0.00,0.00,0.00,68.00,0.00,0.00,0.00,0.00,0.00,0.00,0.00,8.00,0.00,0.00,11.00,0.00,0.00,9.00,0.00,13.00,0.00,0.00,0.00,0.00,0.00,0.00,0.00,2.00,0.00,15.00,0.00,0.00,0.00,2.00
0.00,10.00,0.00,0.00,0.00,0.00,0.00,0.00,0.00,0.00,0.00,8.00,0.00,0.00,0.00,0.00,36.00,0.00,0.00,0.00,0.00,0.00,0.00,0.00,0.00,10.00,0.00,42.00,0.00,0.00,0.00,0.00,0.00,0.00,0.00,0.00,6.00,0.00,0.00,0.00,0.00,0.00,0.00,0.00,3.00,0.00,2.00,0.00,0.00,0.00,0.00,10.00,0.00,0.00,0.00,0.00,0.00,0.00,0.00,30.00,0.00,0.00,0.00,0.00,0.00,0.00,0.00,6.00,0.00,0.00,0.00,0.00,0.00,0.00,0.00
0.00,0.00,0.00,0.00,0.00,0.00,0.00,0.00,0.00,0.00,28.00,0.00,0.00,6.00,0.00,0.00,0.00,0.00,0.00,0.00,0.00,0.00,0.00,0.00,0.00,0.00,0.00,0.00,0.00,5.00,0.00,0.00,0.00,0.00,0.00,0.00,0.00,0.00,0.00,0.00,15.00,0.00,0.00,0.00,0.00,0.00,0.00,0.00,0.00,0.00,3.00,0.00,0.00,0.00,0.00,0.00,0.00,0.00,0.00,0.00,0.00,0.00,0.00,0.00,0.00,0.00,0.00,0.00,0.00,0.00,0.00,0.00,0.00,0.00,0.00
0.00,0.00,0.00,0.00,0.00,0.00,0.00,0.00,0.00,0.00,17.00,0.00,0.00,5.00,0.00,0.00,0.00,0.00,0.00,0.00,0.00,0.00,11.00,0.00,0.00,0.00,0.00,0.00,0.00,30.00,0.00,0.00,0.00,0.00,0.00,0.00,0.00,0.00,0.00,0.00,4.00,0.00,0.00,0.00,0.00,0.00,0.00,0.00,0.00,3.00,0.00,0.00,0.00,0.00,0.00,0.00,0.00,0.00,0.00,0.00,0.00,0.00,0.00,0.00,0.00,0.00,0.00,0.00,0.00,0.00,0.00,3.00,0.00,3.00,0.00
0.00,4.00,0.00,0.00,0.00,0.00,0.00,0.00,0.00,0.00,0.00,2.00,0.00,0.00,0.00,0.00,6.00,0.00,0.00,0.00,0.00,0.00,0.00,0.00,0.00,0.00,0.00,7.00,0.00,0.00,0.00,0.00,0.00,0.00,0.00,0.00,0.00,0.00,0.00,0.00,0.00,0.00,0.00,0.00,0.00,0.00,0.00,0.00,10.00,0.00,0.00,0.00,0.00,0.00,0.00,0.00,0.00,0.00,0.00,6.00,0.00,0.00,0.00,0.00,0.00,0.00,0.00,3.00,0.00,0.00,0.00,0.00,0.00,0.00,0.00
2.00,0.00,0.00,0.00,3.00,0.00,0.00,0.00,0.00,3.00,0.00,0.00,0.00,0.00,0.00,2.00,0.00,0.00,0.00,0.00,0.00,0.00,0.00,0.00,3.00,0.00,3.00,0.00,0.00,0.00,0.00,0.00,2.00,17.00,47.00,0.00,0.00,0.00,0.00,0.00,0.00,0.00,0.00,0.00,30.00,0.00,0.00,8.00,0.00,0.00,0.00,0.00,0.00,0.00,3.00,30.00,0.00,0.00,0.00,0.00,5.00,0.00,0.00,0.00,11.00,0.00,0.00,0.00,0.00,0.00,9.00,0.00,0.00,0.00,0.00
0.00,0.00,0.00,0.00,0.00,0.00,0.00,0.00,0.00,0.00,13.00,0.00,0.00,6.00,0.00,0.00,0.00,0.00,0.00,0.00,0.00,0.00,0.00,0.00,0.00,0.00,0.00,0.00,0.00,3.00,0.00,0.00,0.00,0.00,0.00,0.00,0.00,0.00,0.00,0.00,0.00,0.00,0.00,0.00,0.00,0.00,0.00,0.00,0.00,0.00,0.00,0.00,0.00,0.00,0.00,0.00,0.00,0.00,0.00,0.00,0.00,0.00,0.00,0.00,0.00,0.00,0.00,0.00,0.00,0.00,0.00,2.00,0.00,0.00,0.00
0.00,0.00,6.00,0.00,0.00,5.00,48.00,0.00,90.00,8.00,0.00,0.00,0.00,0.00,0.00,31.00,0.00,3.00,2.00,0.00,0.00,0.00,0.00,10.00,0.00,0.00,12.00,25.00,0.00,0.00,0.00,0.00,0.00,0.00,0.00,0.00,0.00,17.00,0.00,0.00,0.00,0.00,0.00,0.00,23.00,8.00,0.00,0.00,0.00,0.00,0.00,0.00,3.00,0.00,0.00,5.00,0.00,11.00,0.00,0.00,9.00,0.00,0.00,0.00,2.00,0.00,60.00,16.00,5.00,0.00,2.00,0.00,5.00,0.00,0.00
7.00,0.00,10.00,0.00,22.00,2.00,7.00,0.00,15.00,80.00,5.00,0.00,0.00,2.00,0.00,0.00,0.00,0.00,6.00,0.00,0.00,0.00,0.00,20.00,0.00,3.00,28.00,3.00,7.00,0.00,4.00,0.00,15.00,14.00,3.00,0.00,0.00,2.00,0.00,0.00,0.00,0.00,4.00,0.00,192.00,0.00,0.00,11.00,0.00,0.00,0.00,0.00,30.00,0.00,5.00,0.00,0.00,0.00,2.00,0.00,17.00,0.00,0.00,0.00,5.00,0.00,0.00,7.00,8.00,0.00,11.00,7.00,0.00,0.00,0.00
0.00,0.00,0.00,0.00,0.00,0.00,0.00,3.00,10.00,0.00,0.00,0.00,0.00,0.00,0.00,0.00,0.00,0.00,0.00,0.00,0.00,0.00,0.00,0.00,0.00,0.00,0.00,0.00,3.00,0.00,0.00,0.00,0.00,0.00,0.00,30.00,0.00,0.00,0.00,0.00,0.00,3.00,0.00,0.00,0.00,0.00,0.00,0.00,0.00,0.00,0.00,0.00,0.00,0.00,0.00,0.00,0.00,0.00,0.00,0.00,0.00,0.00,0.00,0.00,0.00,0.00,0.00,9.00,0.00,3.00,0.00,0.00,0.00,0.00,0.00
0.00,0.00,0.00,0.00,0.00,0.00,5.00,6.00,28.00,0.00,0.00,0.00,0.00,0.00,0.00,7.00,0.00,0.00,0.00,0.00,0.00,0.00,0.00,0.00,0.00,0.00,0.00,2.00,0.00,0.00,0.00,0.00,0.00,0.00,0.00,0.00,0.00,2.00,5.00,0.00,0.00,2.00,0.00,0.00,10.00,0.00,0.00,0.00,0.00,0.00,0.00,0.00,0.00,0.00,11.00,0.00,0.00,0.00,0.00,0.00,0.00,0.00,0.00,0.00,0.00,0.00,8.00,9.00,2.00,0.00,0.00,0.00,0.00,0.00,0.00
0.00,0.00,0.00,0.00,0.00,0.00,0.00,0.00,0.00,2.00,0.00,0.00,0.00,0.00,0.00,0.00,0.00,0.00,0.00,0.00,0.00,0.00,0.00,4.00,0.00,0.00,0.00,2.00,0.00,0.00,0.00,0.00,0.00,19.00,0.00,0.00,0.00,0.00,0.00,0.00,0.00,0.00,0.00,0.00,2.00,0.00,0.00,9.00,0.00,0.00,0.00,0.00,0.00,0.00,0.00,2.00,0.00,0.00,0.00,0.00,0.00,0.00,0.00,0.00,0.00,0.00,40.00,17.00,0.00,0.00,0.00,0.00,0.00,0.00,0.00
0.00,18.00,0.00,0.00,0.00,0.00,0.00,0.00,0.00,0.00,0.00,4.00,0.00,0.00,0.00,0.00,16.00,0.00,0.00,0.00,0.00,0.00,0.00,0.00,0.00,17.00,0.00,121.00,0.00,0.00,0.00,0.00,0.00,0.00,0.00,0.00,6.00,0.00,0.00,0.00,0.00,0.00,0.00,0.00,0.00,0.00,6.00,0.00,30.00,0.00,0.00,6.00,0.00,0.00,0.00,0.00,0.00,0.00,0.00,0.00,0.00,0.00,0.00,0.00,0.00,0.00,0.00,0.00,0.00,0.00,0.00,0.00,0.00,0.00,0.00
2.00,0.00,53.00,2.00,0.00,0.00,0.00,0.00,14.00,36.00,2.00,0.00,0.00,0.00,0.00,0.00,0.00,0.00,19.00,2.00,0.00,4.00,0.00,2.00,0.00,0.00,69.00,0.00,0.00,0.00,0.00,0.00,0.00,22.00,4.00,0.00,0.00,2.00,0.00,10.00,0.00,0.00,4.00,4.00,49.00,0.00,0.00,13.00,0.00,0.00,0.00,0.00,5.00,0.00,9.00,17.00,0.00,0.00,0.00,0.00,0.00,64.00,0.00,0.00,2.00,0.00,0.00,0.00,0.00,0.00,8.00,0.00,0.00,0.00,4.00
2.00,0.00,11.00,0.00,0.00,0.00,0.00,0.00,0.00,0.00,0.00,0.00,0.00,0.00,0.00,0.00,0.00,0.00,0.00,0.00,0.00,0.00,0.00,0.00,0.00,0.00,5.00,0.00,0.00,0.00,0.00,0.00,0.00,4.00,0.00,0.00,0.00,0.00,0.00,0.00,0.00,0.00,0.00,0.00,9.00,0.00,0.00,0.00,0.00,0.00,0.00,0.00,0.00,0.00,0.00,0.00,0.00,0.00,0.00,0.00,64.00,0.00,0.00,0.00,0.00,0.00,0.00,0.00,0.00,0.00,0.00,0.00,0.00,0.00,0.00
0.00,0.00,0.00,0.00,0.00,0.00,0.00,11.00,0.00,0.00,0.00,0.00,0.00,0.00,0.00,0.00,0.00,0.00,0.00,0.00,0.00,0.00,0.00,0.00,0.00,0.00,0.00,0.00,0.00,0.00,0.00,0.00,0.00,0.00,0.00,0.00,0.00,0.00,0.00,0.00,0.00,0.00,0.00,0.00,0.00,0.00,0.00,0.00,0.00,0.00,0.00,0.00,0.00,0.00,0.00,0.00,0.00,0.00,0.00,0.00,0.00,0.00,0.00,0.00,0.00,0.00,0.00,73.00,4.00,0.00,0.00,0.00,0.00,0.00,0.00
0.00,0.00,0.00,0.00,0.00,0.00,0.00,5.00,0.00,0.00,0.00,0.00,0.00,0.00,0.00,0.00,0.00,0.00,0.00,0.00,0.00,0.00,0.00,0.00,0.00,0.00,0.00,0.00,0.00,0.00,0.00,2.00,0.00,0.00,0.00,0.00,0.00,0.00,0.00,0.00,0.00,0.00,0.00,0.00,0.00,0.00,0.00,0.00,0.00,0.00,0.00,0.00,0.00,0.00,0.00,0.00,0.00,0.00,0.00,0.00,0.00,0.00,0.00,0.00,0.00,0.00,0.00,22.00,6.00,0.00,0.00,0.00,0.00,0.00,0.00
0.00,0.00,0.00,0.00,0.00,0.00,0.00,0.00,0.00,2.00,0.00,0.00,0.00,0.00,0.00,2.00,0.00,0.00,0.00,0.00,0.00,0.00,0.00,0.00,0.00,0.00,0.00,0.00,0.00,0.00,0.00,0.00,0.00,3.00,0.00,0.00,0.00,0.00,0.00,0.00,0.00,0.00,0.00,0.00,10.00,0.00,0.00,0.00,0.00,0.00,0.00,0.00,11.00,0.00,2.00,5.00,0.00,0.00,0.00,0.00,2.00,0.00,0.00,0.00,0.00,0.00,0.00,0.00,0.00,0.00,0.00,0.00,0.00,0.00,0.00
0.00,0.00,44.00,0.00,0.00,0.00,0.00,0.00,0.00,0.00,0.00,0.00,0.00,0.00,0.00,0.00,0.00,0.00,0.00,0.00,0.00,0.00,0.00,0.00,0.00,0.00,0.00,0.00,0.00,0.00,0.00,0.00,0.00,0.00,0.00,0.00,0.00,0.00,0.00,11.00,0.00,0.00,0.00,0.00,6.00,0.00,0.00,0.00,0.00,0.00,0.00,0.00,0.00,0.00,0.00,0.00,0.00,0.00,0.00,0.00,0.00,0.00,0.00,0.00,0.00,0.00,0.00,0.00,0.00,0.00,0.00,0.00,0.00,0.00,0.00
0.00,0.00,0.00,0.00,0.00,0.00,26.00,0.00,16.00,0.00,0.00,0.00,0.00,0.00,0.00,11.00,0.00,3.00,0.00,0.00,0.00,0.00,0.00,4.00,0.00,0.00,0.00,7.00,0.00,0.00,2.00,0.00,0.00,0.00,0.00,0.00,0.00,13.00,0.00,0.00,0.00,0.00,0.00,0.00,13.00,25.00,0.00,0.00,0.00,0.00,0.00,0.00,0.00,0.00,60.00,0.00,0.00,8.00,40.00,0.00,0.00,0.00,0.00,0.00,0.00,0.00,0.00,19.00,0.00,0.00,0.00,0.00,3.00,0.00,0.00
0.00,0.00,2.00,0.00,0.00,17.00,15.00,86.00,41.00,18.00,0.00,0.00,0.00,0.00,0.00,0.00,6.00,3.00,10.00,0.00,0.00,0.00,0.00,34.00,0.00,15.00,15.00,45.00,0.00,0.00,0.00,14.00,0.00,6.00,0.00,30.00,7.00,7.00,5.00,0.00,0.00,31.00,0.00,0.00,11.00,0.00,0.00,0.00,6.00,0.00,0.00,3.00,0.00,0.00,16.00,7.00,9.00,9.00,17.00,0.00,0.00,0.00,73.00,22.00,0.00,0.00,19.00,0.00,61.00,9.00,2.00,0.00,0.00,0.00,22.00
0.00,0.00,0.00,0.00,0.00,0.00,0.00,5.00,4.00,3.00,0.00,0.00,0.00,0.00,0.00,3.00,0.00,0.00,0.00,0.00,0.00,0.00,0.00,34.00,0.00,0.00,3.00,0.00,0.00,0.00,0.00,12.00,0.00,4.00,0.00,0.00,0.00,0.00,0.00,0.00,0.00,0.00,0.00,0.00,11.00,0.00,0.00,2.00,0.00,0.00,0.00,0.00,0.00,0.00,5.00,8.00,0.00,2.00,0.00,0.00,0.00,0.00,4.00,6.00,0.00,0.00,0.00,61.00,0.00,0.00,0.00,0.00,0.00,0.00,0.00
0.00,0.00,0.00,0.00,0.00,0.00,0.00,4.00,13.00,0.00,0.00,0.00,0.00,0.00,0.00,0.00,0.00,0.00,0.00,0.00,0.00,0.00,0.00,0.00,0.00,0.00,0.00,0.00,0.00,0.00,0.00,0.00,0.00,0.00,0.00,7.00,0.00,0.00,0.00,0.00,0.00,3.00,0.00,0.00,0.00,0.00,0.00,0.00,0.00,0.00,0.00,0.00,0.00,0.00,0.00,0.00,3.00,0.00,0.00,0.00,0.00,0.00,0.00,0.00,0.00,0.00,0.00,9.00,0.00,0.00,0.00,0.00,0.00,0.00,0.00
0.00,0.00,7.00,0.00,6.00,0.00,0.00,0.00,11.00,13.00,4.00,0.00,0.00,0.00,2.00,0.00,0.00,0.00,0.00,0.00,9.00,2.00,0.00,0.00,5.00,0.00,15.00,0.00,2.00,2.00,0.00,0.00,0.00,73.00,0.00,0.00,0.00,0.00,0.00,0.00,0.00,0.00,0.00,0.00,96.00,0.00,0.00,15.00,0.00,0.00,0.00,0.00,9.00,0.00,2.00,11.00,0.00,0.00,0.00,0.00,8.00,0.00,0.00,0.00,0.00,0.00,0.00,2.00,0.00,0.00,0.00,0.00,0.00,0.00,3.00
0.00,0.00,0.00,0.00,0.00,0.00,0.00,0.00,0.00,0.00,66.00,0.00,30.00,27.00,0.00,0.00,0.00,0.00,0.00,0.00,25.00,0.00,3.00,0.00,0.00,0.00,0.00,0.00,0.00,43.00,0.00,0.00,0.00,0.00,0.00,0.00,0.00,0.00,0.00,0.00,0.00,0.00,0.00,0.00,0.00,0.00,0.00,0.00,0.00,0.00,3.00,0.00,0.00,2.00,0.00,7.00,0.00,0.00,0.00,0.00,0.00,0.00,0.00,0.00,0.00,0.00,0.00,0.00,0.00,0.00,0.00,0.00,0.00,0.00,0.00
0.00,0.00,0.00,0.00,0.00,0.00,0.00,0.00,34.00,0.00,0.00,0.00,0.00,0.00,0.00,2.00,0.00,0.00,0.00,0.00,0.00,0.00,0.00,0.00,0.00,0.00,0.00,0.00,0.00,0.00,0.00,0.00,0.00,0.00,0.00,0.00,0.00,0.00,0.00,0.00,0.00,0.00,0.00,0.00,0.00,0.00,0.00,0.00,0.00,0.00,0.00,0.00,0.00,0.00,5.00,0.00,0.00,0.00,0.00,0.00,0.00,0.00,0.00,0.00,0.00,0.00,3.00,0.00,0.00,0.00,0.00,0.00,0.00,0.00,0.00
0.00,0.00,0.00,0.00,0.00,0.00,0.00,0.00,0.00,0.00,19.00,0.00,3.00,0.00,0.00,0.00,0.00,0.00,0.00,0.00,0.00,0.00,0.00,0.00,0.00,0.00,0.00,0.00,0.00,10.00,0.00,0.00,0.00,0.00,0.00,0.00,0.00,0.00,0.00,0.00,0.00,0.00,0.00,0.00,0.00,0.00,0.00,0.00,0.00,0.00,3.00,0.00,0.00,0.00,0.00,0.00,0.00,0.00,0.00,0.00,0.00,0.00,0.00,0.00,0.00,0.00,0.00,0.00,0.00,0.00,0.00,0.00,0.00,0.00,0.00
0.00,0.00,18.00,4.00,0.00,5.00,0.00,0.00,3.00,2.00,0.00,0.00,0.00,0.00,2.00,0.00,0.00,0.00,2.00,0.00,0.00,4.00,0.00,0.00,0.00,0.00,3.00,0.00,0.00,0.00,0.00,0.00,0.00,2.00,0.00,0.00,0.00,0.00,2.00,0.00,0.00,0.00,0.00,0.00,15.00,0.00,0.00,2.00,0.00,0.00,0.00,0.00,0.00,0.00,0.00,0.00,0.00,0.00,0.00,0.00,4.00,0.00,0.00,0.00,0.00,0.00,0.00,22.00,0.00,0.00,3.00,0.00,0.00,0.00,0.00
