0.3333
0.0000
0.7500
1.0000
0.8000
0.8000
0.8571
0.7500
1.0000
0.9000
1.0000
0.8750
0.8000
1.0000
1.0000
1.0000
1.0000
1.0000
1.0000
1.0000
1.0000
1.0000
1.0000
1.0000
1.0000
1.0000
1.0000
1.0000
1.0000
1.0000
1.0000
1.0000
1.0000
1.0000
1.0000
1.0000
1.0000
1.0000
1.0000
1.0000
1.0000
1.0000
1.0000
1.0000
1.0000
1.0000
0.6667
1.0000
1.0000
1.0000
1.0000
1.0000
1.0000
1.0000
1.0000
1.0000
1.0000
1.0000
0.3333
0.5000
1.0000
0.6000
0.6000
0.7143
0.8000
0.7500
0.8000
0.8333
0.7500
0.6000
1.0000
1.0000
1.0000
1.0000
1.0000
1.0000
1.0000
1.0000
1.0000
1.0000
1.0000
1.0000
1.0000
1.0000
1.0000
1.0000
1.0000
1.0000
1.0000
1.0000
1.0000
1.0000
1.0000
1.0000
1.0000
1.0000
1.0000
1.0000
1.0000
1.0000
1.0000
1.0000
1.0000
0.7500
1.0000
1.0000
1.0000
1.0000
1.0000
1.0000
1.0000
1.0000
1.0000
1.0000
1.0000
0.7500
1.0000
0.8000
0.8000
0.8571
0.7500
1.0000
0.9000
1.0000
0.8750
0.8000
1.0000
1.0000
1.0000
1.0000
1.0000
1.0000
1.0000
1.0000
1.0000
1.0000
1.0000
1.0000
1.0000
1.0000
1.0000
1.0000
1.0000
1.0000
1.0000
1.0000
1.0000
1.0000
1.0000
1.0000
1.0000
1.0000
1.0000
1.0000
1.0000
1.0000
1.0000
1.0000
1.0000
0.6667
1.0000
1.0000
1.0000
1.0000
1.0000
1.0000
1.0000
1.0000
1.0000
1.0000
1.0000
0.7500
0.6000
0.6000
0.5000
0.8000
0.7500
0.6667
0.8333
0.7500
0.6000
1.0000
1.0000
1.0000
1.0000
1.0000
1.0000
1.0000
1.0000
1.0000
1.0000
1.0000
1.0000
1.0000
1.0000
1.0000
1.0000
1.0000
1.0000
1.0000
1.0000
1.0000
1.0000
1.0000
1.0000
1.0000
1.0000
1.0000
1.0000
1.0000
1.0000
1.0000
1.0000
1.0000
1.0000
1.0000
1.0000
1.0000
1.0000
1.0000
1.0000
1.0000
1.0000
1.0000
1.0000
1.0000
0.8000
0.8000
0.6667
0.7500
1.0000
0.9000
0.8000
1.0000
1.0000
1.0000
1.0000
1.0000
1.0000
1.0000
1.0000
1.0000
1.0000
1.0000
1.0000
1.0000
1.0000
1.0000
1.0000
1.0000
1.0000
1.0000
1.0000
1.0000
1.0000
1.0000
1.0000
1.0000
1.0000
1.0000
1.0000
1.0000
1.0000
1.0000
1.0000
1.0000
1.0000
1.0000
1.0000
1.0000
1.0000
1.0000
1.0000
1.0000
1.0000
1.0000
1.0000
1.0000
1.0000
1.0000
0.4000
0.3333
0.2500
0.8000
0.8182
0.6667
0.6250
0.6667
1.0000
1.0000
1.0000
1.0000
1.0000
1.0000
1.0000
1.0000
1.0000
1.0000
1.0000
1.0000
1.0000
1.0000
1.0000
1.0000
1.0000
1.0000
1.0000
1.0000
1.0000
1.0000
1.0000
1.0000
1.0000
1.0000
1.0000
1.0000
1.0000
1.0000
1.0000
1.0000
1.0000
1.0000
1.0000
1.0000
1.0000
1.0000
1.0000
1.0000
1.0000
1.0000
1.0000
1.0000
1.0000
0.5714
0.6000
0.8000
0.8182
0.6667
0.7778
0.6667
1.0000
1.0000
1.0000
1.0000
1.0000
1.0000
1.0000
1.0000
1.0000
1.0000
1.0000
1.0000
1.0000
1.0000
1.0000
1.0000
1.0000
1.0000
1.0000
1.0000
1.0000
1.0000
1.0000
1.0000
1.0000
1.0000
1.0000
1.0000
1.0000
1.0000
1.0000
1.0000
1.0000
1.0000
1.0000
1.0000
1.0000
1.0000
1.0000
1.0000
1.0000
1.0000
1.0000
1.0000
1.0000
0.5000
0.8571
0.6364
0.7500
0.7000
0.7500
1.0000
1.0000
1.0000
1.0000
1.0000
1.0000
1.0000
1.0000
1.0000
1.0000
1.0000
1.0000
1.0000
1.0000
1.0000
1.0000
1.0000
1.0000
1.0000
1.0000
1.0000
1.0000
1.0000
1.0000
1.0000
1.0000
1.0000
1.0000
1.0000
1.0000
1.0000
1.0000
1.0000
1.0000
1.0000
1.0000
1.0000
1.0000
1.0000
1.0000
1.0000
1.0000
1.0000
1.0000
1.0000
1.0000
0.9091
0.8333
0.7500
0.8333
1.0000
1.0000
1.0000
1.0000
1.0000
1.0000
1.0000
1.0000
1.0000
1.0000
1.0000
1.0000
1.0000
1.0000
1.0000
1.0000
1.0000
1.0000
1.0000
1.0000
1.0000
1.0000
1.0000
1.0000
1.0000
1.0000
1.0000
1.0000
1.0000
1.0000
1.0000
1.0000
1.0000
1.0000
1.0000
1.0000
1.0000
1.0000
1.0000
1.0000
1.0000
1.0000
1.0000
1.0000
1.0000
0.7778
0.8000
0.8750
0.8000
1.0000
1.0000
1.0000
1.0000
1.0000
1.0000
1.0000
1.0000
1.0000
1.0000
1.0000
1.0000
1.0000
1.0000
1.0000
1.0000
1.0000
1.0000
1.0000
1.0000
1.0000
1.0000
1.0000
1.0000
1.0000
1.0000
1.0000
1.0000
1.0000
1.0000
1.0000
1.0000
1.0000
1.0000
1.0000
1.0000
1.0000
1.0000
1.0000
1.0000
1.0000
1.0000
1.0000
1.0000
1.0000
0.7000
0.7692
0.8182
1.0000
1.0000
1.0000
1.0000
1.0000
1.0000
1.0000
1.0000
1.0000
1.0000
1.0000
0.9412
1.0000
1.0000
1.0000
1.0000
1.0000
1.0000
1.0000
1.0000
1.0000
1.0000
1.0000
1.0000
1.0000
1.0000
1.0000
1.0000
1.0000
1.0000
1.0000
1.0000
1.0000
1.0000
1.0000
1.0000
1.0000
1.0000
1.0000
1.0000
1.0000
1.0000
1.0000
1.0000
1.0000
0.9000
0.8571
1.0000
1.0000
1.0000
1.0000
1.0000
1.0000
1.0000
1.0000
1.0000
1.0000
1.0000
1.0000
1.0000
1.0000
1.0000
1.0000
1.0000
1.0000
1.0000
1.0000
1.0000
1.0000
1.0000
1.0000
1.0000
1.0000
1.0000
1.0000
1.0000
1.0000
1.0000
1.0000
1.0000
1.0000
1.0000
1.0000
1.0000
1.0000
1.0000
1.0000
1.0000
1.0000
1.0000
1.0000
1.0000
0.7778
0.9167
0.9091
0.9091
1.0000
0.8333
1.0000
1.0000
1.0000
1.0000
1.0000
1.0000
1.0000
1.0000
1.0000
1.0000
1.0000
1.0000
1.0000
1.0000
1.0000
1.0000
1.0000
1.0000
1.0000
1.0000
1.0000
1.0000
1.0000
1.0000
1.0000
1.0000
1.0000
1.0000
1.0000
1.0000
1.0000
1.0000
1.0000
1.0000
1.0000
1.0000
1.0000
1.0000
1.0000
1.0000
0.7500
0.8750
0.7143
1.0000
0.9000
1.0000
0.8000
1.0000
1.0000
1.0000
1.0000
1.0000
1.0000
1.0000
1.0000
1.0000
0.8571
1.0000
1.0000
1.0000
1.0000
1.0000
1.0000
1.0000
1.0000
1.0000
1.0000
1.0000
1.0000
1.0000
1.0000
1.0000
1.0000
1.0000
1.0000
1.0000
1.0000
1.0000
1.0000
1.0000
1.0000
1.0000
1.0000
1.0000
1.0000
0.6250
0.4286
1.0000
0.8182
0.8571
0.8571
1.0000
1.0000
1.0000
1.0000
1.0000
1.0000
1.0000
1.0000
1.0000
0.8889
1.0000
1.0000
1.0000
1.0000
1.0000
1.0000
1.0000
1.0000
1.0000
1.0000
1.0000
1.0000
1.0000
1.0000
1.0000
1.0000
1.0000
1.0000
1.0000
1.0000
1.0000
1.0000
1.0000
1.0000
1.0000
1.0000
1.0000
1.0000
0.7500
0.8333
0.6667
1.0000
0.8333
0.8571
1.0000
1.0000
1.0000
0.9231
1.0000
0.8333
1.0000
1.0000
0.7143
1.0000
1.0000
1.0000
1.0000
1.0000
1.0000
1.0000
1.0000
1.0000
1.0000
1.0000
1.0000
1.0000
1.0000
1.0000
1.0000
1.0000
1.0000
1.0000
1.0000
1.0000
1.0000
1.0000
1.0000
1.0000
1.0000
1.0000
1.0000
1.0000
0.8000
0.8333
0.8333
1.0000
1.0000
1.0000
1.0000
1.0000
1.0000
1.0000
1.0000
1.0000
0.8750
1.0000
1.0000
1.0000
1.0000
1.0000
1.0000
1.0000
1.0000
1.0000
1.0000
1.0000
1.0000
1.0000
1.0000
1.0000
1.0000
1.0000
1.0000
1.0000
1.0000
1.0000
1.0000
1.0000
1.0000
1.0000
1.0000
1.0000
1.0000
0.8750
1.0000
1.0000
1.0000
1.0000
1.0000
1.0000
0.9000
1.0000
1.0000
1.0000
1.0000
0.8000
1.0000
1.0000
1.0000
1.0000
1.0000
1.0000
1.0000
1.0000
1.0000
1.0000
1.0000
1.0000
1.0000
1.0000
1.0000
1.0000
1.0000
1.0000
1.0000
1.0000
1.0000
1.0000
1.0000
1.0000
1.0000
1.0000
1.0000
1.0000
0.8750
0.8750
0.8889
1.0000
1.0000
1.0000
1.0000
1.0000
0.8750
1.0000
1.0000
0.9000
1.0000
1.0000
1.0000
1.0000
1.0000
1.0000
1.0000
1.0000
1.0000
1.0000
1.0000
1.0000
1.0000
1.0000
1.0000
1.0000
1.0000
1.0000
1.0000
1.0000
1.0000
1.0000
1.0000
1.0000
1.0000
1.0000
1.0000
1.0000
1.0000
1.0000
1.0000
1.0000
1.0000
1.0000
1.0000
1.0000
1.0000
1.0000
1.0000
1.0000
1.0000
1.0000
1.0000
1.0000
1.0000
1.0000
1.0000
1.0000
1.0000
1.0000
1.0000
1.0000
1.0000
1.0000
1.0000
1.0000
1.0000
1.0000
1.0000
1.0000
1.0000
1.0000
1.0000
1.0000
1.0000
1.0000
1.0000
0.7500
1.0000
1.0000
1.0000
1.0000
1.0000
0.6667
1.0000
1.0000
1.0000
1.0000
1.0000
1.0000
1.0000
1.0000
1.0000
1.0000
1.0000
1.0000
1.0000
1.0000
1.0000
1.0000
1.0000
1.0000
1.0000
1.0000
1.0000
1.0000
1.0000
1.0000
1.0000
1.0000
1.0000
1.0000
1.0000
1.0000
1.0000
0.8750
0.9000
1.0000
0.9091
1.0000
0.7500
0.9000
0.8889
1.0000
1.0000
1.0000
1.0000
1.0000
0.8750
0.8571
1.0000
1.0000
1.0000
1.0000
1.0000
1.0000
1.0000
1.0000
1.0000
1.0000
1.0000
1.0000
1.0000
1.0000
1.0000
1.0000
1.0000
1.0000
1.0000
1.0000
1.0000
1.0000
0.2500
0.8571
0.6364
0.8571
1.0000
0.7273
0.9167
1.0000
1.0000
1.0000
1.0000
1.0000
0.9091
0.9000
1.0000
1.0000
1.0000
1.0000
1.0000
1.0000
1.0000
1.0000
1.0000
1.0000
1.0000
1.0000
1.0000
1.0000
1.0000
1.0000
1.0000
1.0000
1.0000
1.0000
1.0000
1.0000
0.7500
0.4545
0.8889
1.0000
0.5455
0.7500
1.0000
1.0000
1.0000
1.0000
0.9000
0.8333
0.8182
0.9286
0.9333
0.9167
1.0000
0.9474
1.0000
1.0000
1.0000
1.0000
1.0000
1.0000
1.0000
1.0000
1.0000
1.0000
1.0000
1.0000
1.0000
1.0000
1.0000
1.0000
1.0000
0.9000
1.0000
1.0000
0.8889
0.8750
1.0000
1.0000
1.0000
1.0000
1.0000
1.0000
1.0000
1.0000
1.0000
1.0000
1.0000
1.0000
1.0000
1.0000
1.0000
1.0000
1.0000
1.0000
1.0000
1.0000
1.0000
1.0000
1.0000
1.0000
1.0000
1.0000
1.0000
1.0000
1.0000
0.7778
1.0000
0.5833
0.6667
0.9167
1.0000
0.9167
1.0000
0.9091
0.8462
0.8333
0.9333
0.9375
0.9231
1.0000
0.9500
1.0000
1.0000
1.0000
1.0000
1.0000
1.0000
1.0000
1.0000
1.0000
1.0000
1.0000
1.0000
1.0000
1.0000
1.0000
1.0000
1.0000
1.0000
0.8889
0.8750
1.0000
1.0000
0.8000
1.0000
1.0000
1.0000
1.0000
1.0000
1.0000
1.0000
1.0000
1.0000
1.0000
1.0000
1.0000
1.0000
1.0000
1.0000
1.0000
1.0000
1.0000
1.0000
1.0000
1.0000
1.0000
1.0000
1.0000
1.0000
1.0000
0.8889
0.8750
0.8000
0.7500
1.0000
1.0000
0.7500
0.8571
0.8333
1.0000
0.8889
0.8333
0.8333
0.9231
0.8571
0.8889
0.9286
1.0000
0.8571
1.0000
1.0000
1.0000
1.0000
1.0000
1.0000
0.8000
1.0000
1.0000
1.0000
1.0000
1.0000
0.5000
0.9091
0.7778
0.8000
0.8889
0.7778
0.7273
0.7000
0.9286
0.8571
0.7000
0.9167
0.8235
0.9231
0.9333
0.8947
1.0000
0.9231
1.0000
1.0000
0.9286
1.0000
1.0000
1.0000
0.9091
1.0000
1.0000
1.0000
1.0000
1.0000
0.7778
0.7500
0.7778
0.8750
0.5714
0.7000
0.6667
0.9231
0.8462
0.8000
0.9091
0.8824
0.9167
0.9286
0.9474
1.0000
0.9167
1.0000
1.0000
1.0000
1.0000
1.0000
1.0000
0.9000
1.0000
1.0000
1.0000
1.0000
1.0000
0.8333
1.0000
1.0000
0.6000
0.8889
0.8750
1.0000
0.9091
0.8750
0.8750
0.9333
0.8889
0.9091
0.9375
1.0000
0.8889
1.0000
1.0000
1.0000
1.0000
1.0000
1.0000
0.8571
1.0000
1.0000
1.0000
1.0000
1.0000
0.6000
0.3333
0.8000
0.8750
0.8571
1.0000
0.9000
0.6667
0.8571
0.8462
0.8750
0.9000
0.8571
1.0000
0.8750
1.0000
1.0000
0.8889
1.0000
1.0000
1.0000
0.8333
1.0000
1.0000
1.0000
1.0000
1.0000
0.5000
1.0000
0.8889
0.8750
0.9000
1.0000
0.8750
1.0000
0.9333
1.0000
1.0000
0.9375
1.0000
1.0000
1.0000
1.0000
0.9000
1.0000
1.0000
1.0000
1.0000
1.0000
1.0000
1.0000
1.0000
1.0000
1.0000
1.0000
1.0000
1.0000
1.0000
0.8333
1.0000
0.9231
1.0000
1.0000
0.9286
1.0000
1.0000
1.0000
1.0000
0.8750
1.0000
1.0000
1.0000
1.0000
1.0000
1.0000
1.0000
1.0000
1.0000
0.7143
0.6667
0.8889
0.7778
0.6667
0.8571
0.8462
0.8750
0.9000
0.9333
1.0000
0.8750
1.0000
1.0000
1.0000
1.0000
1.0000
1.0000
0.8333
1.0000
1.0000
1.0000
1.0000
1.0000
0.1667
0.7000
0.7273
0.7778
0.7778
0.8750
0.9091
0.9231
0.9444
1.0000
0.9091
1.0000
1.0000
1.0000
1.0000
1.0000
1.0000
0.8889
1.0000
1.0000
1.0000
1.0000
1.0000
0.8000
0.8182
0.7500
0.8889
0.8667
0.9000
0.9167
0.9412
1.0000
0.9000
1.0000
1.0000
1.0000
1.0000
1.0000
1.0000
0.8750
1.0000
1.0000
1.0000
1.0000
1.0000
0.3333
0.9091
0.9091
0.8125
0.9167
1.0000
0.8235
1.0000
0.9167
1.0000
1.0000
0.9231
1.0000
1.0000
1.0000
1.0000
1.0000
1.0000
1.0000
1.0000
1.0000
0.7000
0.7000
0.6667
0.8333
0.9333
0.7647
1.0000
0.8333
1.0000
1.0000
0.9286
1.0000
1.0000
1.0000
0.9091
1.0000
1.0000
1.0000
1.0000
1.0000
0.7500
0.5833
0.9000
0.9167
0.8750
1.0000
0.9000
1.0000
1.0000
0.9091
1.0000
1.0000
1.0000
0.8750
1.0000
1.0000
1.0000
1.0000
1.0000
0.7857
0.9000
0.8182
0.9412
1.0000
0.9000
1.0000
1.0000
1.0000
1.0000
1.0000
1.0000
0.8750
1.0000
1.0000
1.0000
1.0000
1.0000
0.6154
0.8235
0.6842
0.9333
0.8000
1.0000
1.0000
0.8824
1.0000
1.0000
1.0000
0.9333
1.0000
1.0000
1.0000
1.0000
1.0000
0.7273
0.7333
1.0000
0.8000
1.0000
1.0000
1.0000
1.0000
1.0000
1.0000
0.8889
1.0000
1.0000
1.0000
1.0000
1.0000
0.5000
0.8000
0.8333
1.0000
1.0000
0.9286
1.0000
1.0000
1.0000
0.9091
1.0000
1.0000
1.0000
1.0000
1.0000
0.8667
0.8125
1.0000
1.0000
0.8889
1.0000
1.0000
0.9375
0.9375
1.0000
1.0000
1.0000
1.0000
1.0000
0.5714
0.8000
0.8000
0.6250
0.8571
1.0000
1.0000
1.0000
1.0000
1.0000
1.0000
1.0000
1.0000
0.8571
0.8571
0.7000
0.7500
0.8571
0.8889
0.8889
1.0000
0.9000
1.0000
0.8571
1.0000
0.6667
0.8750
1.0000
1.0000
1.0000
1.0000
1.0000
1.0000
1.0000
1.0000
1.0000
0.7143
1.0000
1.0000
1.0000
1.0000
1.0000
1.0000
1.0000
1.0000
1.0000
0.9000
0.8750
1.0000
0.9000
0.9000
0.9091
1.0000
1.0000
1.0000
0.8000
0.6667
0.8571
0.6667
0.7143
0.8333
0.8000
0.8000
0.8000
0.8000
0.8000
0.6000
1.0000
0.6667
1.0000
0.8571
0.6667
0.5000
0.8333
0.8000
0.8000
0.4000
0.7143
1.0000
1.0000
1.0000
0.5000
0.8333
1.0000
0.8000
0.6667
0.8333
0.8333
0.7500
0.3333
0.6667
