0.00,0.22,0.42,0.31,0.01,0.07,0.17,0.24,0.29,0.51,0.40,0.48,0.04,0.40,0.13,0.31,0.12,0.08,0.03,0.03,0.24,0.49,0.17,0.10,0.22,0.24,0.16,0.05,0.50,0.29,0.47,0.40,0.19,0.26,0.21,0.01,0.29,0.30,0.41,0.17,0.17,0.29,0.49,0.02,0.42,0.40,0.39,0.06,0.39,0.03,0.30,0.09,0.28,0.25,0.37,0.24,0.03,0.08,0.09,0.47,0.18,0.21,0.02,0.17,0.15,0.00,0.31,0.22,0.46,0.45,0.15,0.02,0.38,0.21,0.35,0.47,0.39,0.51,0.07,0.32,0.03,0.36,0.36,0.04,0.30,0.03,0.07,0.02,0.18,0.18,0.28,0.15,0.10,0.17,0.03,0.23,0.51,0.48,0.34,0.09
0.22,0.00,0.64,0.09,0.23,0.29,0.39,0.46,0.51,0.29,0.62,0.70,0.18,0.62,0.09,0.53,0.34,0.14,0.19,0.25,0.46,0.27,0.05,0.32,0.44,0.02,0.38,0.27,0.28,0.07,0.25,0.18,0.03,0.04,0.43,0.23,0.51,0.08,0.19,0.05,0.39,0.51,0.71,0.24,0.64,0.18,0.17,0.16,0.17,0.19,0.52,0.31,0.06,0.47,0.59,0.46,0.25,0.14,0.31,0.25,0.04,0.43,0.20,0.39,0.37,0.22,0.09,0.00,0.68,0.23,0.07,0.20,0.60,0.01,0.57,0.69,0.61,0.29,0.29,0.54,0.25,0.58,0.14,0.26,0.52,0.25,0.15,0.20,0.04,0.04,0.50,0.07,0.32,0.39,0.19,0.45,0.29,0.70,0.12,0.13
0.42,0.64,0.00,0.72,0.41,0.35,0.25,0.18,0.13,0.93,0.01,0.06,0.46,0.01,0.55,0.11,0.30,0.50,0.44,0.39,0.18,0.91,0.59,0.32,0.19,0.66,0.26,0.36,0.92,0.71,0.88,0.82,0.61,0.67,0.21,0.41,0.13,0.71,0.83,0.58,0.25,0.13,0.07,0.40,0.00,0.82,0.81,0.48,0.81,0.45,0.12,0.32,0.70,0.16,0.05,0.18,0.39,0.49,0.33,0.89,0.59,0.21,0.43,0.24,0.27,0.42,0.73,0.63,0.04,0.87,0.56,0.44,0.04,0.62,0.07,0.05,0.03,0.93,0.35,0.09,0.38,0.06,0.78,0.37,0.12,0.39,0.49,0.44,0.60,0.59,0.14,0.57,0.32,0.25,0.45,0.18,0.93,0.06,0.76,0.51
0.31,0.09,0.72,0.00,0.31,0.38,0.48,0.54,0.59,0.21,0.71,0.78,0.27,0.71,0.18,0.62,0.42,0.22,0.28,0.33,0.55,0.18,0.13,0.40,0.53,0.07,0.47,0.36,0.19,0.01,0.16,0.10,0.12,0.05,0.52,0.32,0.60,0.01,0.11,0.14,0.48,0.59,0.79,0.32,0.72,0.09,0.08,0.24,0.09,0.27,0.61,0.40,0.03,0.56,0.68,0.55,0.33,0.23,0.39,0.17,0.13,0.52,0.29,0.48,0.45,0.30,0.01,0.09,0.76,0.15,0.16,0.28,0.69,0.10,0.66,0.77,0.70,0.21,0.37,0.63,0.34,0.66,0.06,0.35,0.60,0.34,0.24,0.29,0.12,0.13,0.59,0.16,0.41,0.48,0.27,0.54,0.21,0.78,0.03,0.21
0.01,0.23,0.41,0.31,0.00,0.06,0.16,0.23,0.28,0.52,0.40,0.47,0.05,0.40,0.14,0.30,0.11,0.09,0.03,0.02,0.23,0.50,0.18,0.09,0.22,0.25,0.15,0.05,0.51,0.30,0.47,0.41,0.20,0.26,0.20,0.00,0.28,0.30,0.42,0.17,0.16,0.28,0.48,0.01,0.41,0.41,0.40,0.07,0.40,0.04,0.29,0.09,0.29,0.25,0.36,0.23,0.02,0.08,0.08,0.48,0.18,0.20,0.02,0.17,0.14,0.01,0.32,0.22,0.45,0.46,0.15,0.03,0.37,0.21,0.34,0.46,0.38,0.52,0.06,0.32,0.03,0.35,0.37,0.04,0.29,0.02,0.08,0.03,0.19,0.18,0.27,0.16,0.09,0.16,0.04,0.23,0.52,0.47,0.35,0.10
0.07,0.29,0.35,0.38,0.06,0.00,0.10,0.17,0.22,0.58,0.33,0.41,0.11,0.33,0.20,0.24,0.05,0.15,0.10,0.04,0.17,0.56,0.24,0.03,0.15,0.31,0.09,0.02,0.57,0.36,0.54,0.47,0.26,0.33,0.14,0.06,0.22,0.37,0.48,0.24,0.10,0.21,0.42,0.05,0.35,0.47,0.46,0.13,0.47,0.10,0.23,0.02,0.35,0.18,0.30,0.17,0.04,0.15,0.02,0.54,0.25,0.14,0.09,0.10,0.08,0.07,0.38,0.29,0.39,0.52,0.22,0.09,0.31,0.28,0.28,0.40,0.32,0.58,0.00,0.25,0.04,0.29,0.43,0.03,0.23,0.04,0.14,0.09,0.25,0.25,0.21,0.22,0.03,0.10,0.10,0.16,0.58,0.41,0.41,0.16
0.17,0.39,0.25,0.48,0.16,0.10,0.00,0.07,0.12,0.68,0.23,0.30,0.21,0.23,0.30,0.14,0.05,0.26,0.20,0.14,0.07,0.66,0.34,0.08,0.05,0.41,0.01,0.12,0.67,0.46,0.64,0.57,0.36,0.43,0.04,0.16,0.12,0.47,0.58,0.34,0.00,0.11,0.32,0.15,0.25,0.57,0.56,0.23,0.57,0.20,0.13,0.08,0.45,0.08,0.20,0.07,0.14,0.25,0.08,0.65,0.35,0.04,0.19,0.00,0.02,0.17,0.48,0.39,0.28,0.62,0.32,0.19,0.21,0.38,0.18,0.29,0.22,0.68,0.10,0.15,0.14,0.19,0.53,0.13,0.13,0.14,0.24,0.19,0.36,0.35,0.11,0.32,0.07,0.00,0.20,0.06,0.68,0.31,0.51,0.26
0.24,0.46,0.18,0.54,0.23,0.17,0.07,0.00,0.05,0.75,0.17,0.24,0.28,0.17,0.37,0.07,0.12,0.32,0.26,0.21,0.00,0.72,0.41,0.14,0.01,0.48,0.08,0.18,0.74,0.53,0.70,0.64,0.42,0.49,0.02,0.23,0.05,0.53,0.65,0.40,0.07,0.05,0.25,0.22,0.18,0.64,0.63,0.30,0.63,0.27,0.06,0.14,0.52,0.02,0.13,0.00,0.21,0.31,0.15,0.71,0.41,0.03,0.25,0.06,0.09,0.24,0.55,0.45,0.22,0.69,0.38,0.26,0.14,0.44,0.11,0.23,0.15,0.75,0.17,0.09,0.20,0.12,0.60,0.19,0.06,0.20,0.30,0.26,0.42,0.41,0.04,0.39,0.14,0.07,0.27,0.00,0.75,0.24,0.57,0.33
0.29,0.51,0.13,0.59,0.28,0.22,0.12,0.05,0.00,0.80,0.12,0.19,0.33,0.12,0.42,0.02,0.17,0.37,0.31,0.26,0.05,0.78,0.46,0.19,0.06,0.53,0.13,0.23,0.79,0.58,0.75,0.69,0.48,0.54,0.08,0.28,0.00,0.58,0.70,0.45,0.12,0.00,0.20,0.27,0.13,0.69,0.68,0.35,0.68,0.32,0.01,0.19,0.57,0.03,0.08,0.05,0.26,0.36,0.20,0.76,0.46,0.08,0.30,0.11,0.14,0.29,0.60,0.50,0.17,0.74,0.43,0.31,0.09,0.49,0.06,0.18,0.10,0.80,0.22,0.04,0.26,0.07,0.65,0.24,0.01,0.26,0.36,0.31,0.47,0.46,0.01,0.44,0.19,0.12,0.32,0.05,0.80,0.19,0.63,0.38
0.51,0.29,0.93,0.21,0.52,0.58,0.68,0.75,0.80,0.00,0.92,0.99,0.47,0.92,0.38,0.82,0.63,0.43,0.49,0.54,0.75,0.03,0.34,0.61,0.74,0.27,0.68,0.57,0.01,0.22,0.05,0.11,0.33,0.26,0.73,0.52,0.80,0.22,0.10,0.35,0.68,0.80,1.00,0.53,0.93,0.11,0.12,0.45,0.12,0.48,0.81,0.61,0.23,0.77,0.88,0.75,0.54,0.44,0.60,0.04,0.34,0.72,0.50,0.69,0.66,0.51,0.20,0.30,0.97,0.06,0.37,0.49,0.89,0.31,0.86,0.98,0.90,0.00,0.58,0.84,0.55,0.87,0.15,0.56,0.81,0.55,0.45,0.49,0.33,0.34,0.79,0.36,0.61,0.68,0.48,0.75,0.00,0.99,0.18,0.42
0.40,0.62,0.01,0.71,0.40,0.33,0.23,0.17,0.12,0.92,0.00,0.07,0.44,0.00,0.53,0.09,0.29,0.49,0.43,0.38,0.16,0.89,0.58,0.31,0.18,0.64,0.24,0.35,0.90,0.70,0.87,0.81,0.59,0.66,0.19,0.39,0.11,0.70,0.82,0.57,0.23,0.12,0.08,0.38,0.01,0.80,0.79,0.47,0.80,0.44,0.10,0.31,0.68,0.15,0.03,0.16,0.38,0.48,0.32,0.88,0.58,0.19,0.42,0.23,0.26,0.41,0.72,0.62,0.05,0.86,0.55,0.42,0.02,0.61,0.05,0.06,0.01,0.92,0.34,0.08,0.37,0.05,0.77,0.36,0.11,0.37,0.47,0.42,0.59,0.58,0.12,0.55,0.30,0.23,0.43,0.17,0.92,0.08,0.74,0.50
0.48,0.70,0.06,0.78,0.47,0.41,0.30,0.24,0.19,0.99,0.07,0.00,0.51,0.07,0.60,0.17,0.36,0.56,0.50,0.45,0.24,0.96,0.65,0.38,0.25,0.71,0.31,0.42,0.97,0.77,0.94,0.88,0.66,0.73,0.26,0.46,0.18,0.77,0.89,0.64,0.31,0.19,0.01,0.46,0.06,0.88,0.87,0.54,0.87,0.51,0.18,0.38,0.75,0.22,0.10,0.24,0.45,0.55,0.39,0.95,0.65,0.27,0.49,0.30,0.33,0.48,0.79,0.69,0.02,0.93,0.62,0.50,0.10,0.68,0.12,0.01,0.09,0.99,0.41,0.15,0.44,0.12,0.84,0.43,0.18,0.44,0.54,0.50,0.66,0.65,0.20,0.63,0.38,0.31,0.51,0.24,0.99,0.00,0.81,0.57
0.04,0.18,0.46,0.27,0.05,0.11,0.21,0.28,0.33,0.47,0.44,0.51,0.00,0.44,0.09,0.35,0.16,0.05,0.01,0.07,0.28,0.45,0.13,0.13,0.26,0.20,0.20,0.09,0.46,0.25,0.43,0.36,0.15,0.22,0.25,0.05,0.33,0.26,0.37,0.13,0.21,0.32,0.53,0.06,0.46,0.36,0.35,0.02,0.36,0.01,0.34,0.13,0.24,0.29,0.41,0.28,0.07,0.04,0.13,0.44,0.14,0.25,0.02,0.21,0.19,0.04,0.27,0.18,0.49,0.41,0.11,0.02,0.42,0.17,0.39,0.50,0.43,0.47,0.11,0.36,0.07,0.40,0.32,0.08,0.34,0.07,0.03,0.02,0.15,0.14,0.32,0.11,0.14,0.21,0.01,0.27,0.47,0.52,0.30,0.05
0.40,0.62,0.01,0.71,0.40,0.33,0.23,0.17,0.12,0.92,0.00,0.07,0.44,0.00,0.53,0.09,0.29,0.49,0.43,0.38,0.16,0.89,0.58,0.31,0.18,0.64,0.24,0.35,0.90,0.70,0.87,0.81,0.59,0.66,0.19,0.39,0.11,0.70,0.82,0.57,0.23,0.12,0.08,0.38,0.01,0.80,0.79,0.47,0.80,0.43,0.10,0.31,0.68,0.15,0.03,0.16,0.38,0.48,0.32,0.88,0.58,0.19,0.42,0.23,0.26,0.41,0.72,0.62,0.05,0.86,0.55,0.42,0.02,0.61,0.05,0.06,0.01,0.92,0.33,0.08,0.37,0.05,0.77,0.36,0.11,0.37,0.47,0.42,0.59,0.58,0.12,0.55,0.30,0.23,0.43,0.17,0.92,0.08,0.74,0.50
0.13,0.09,0.55,0.18,0.14,0.20,0.30,0.37,0.42,0.38,0.53,0.60,0.09,0.53,0.00,0.44,0.25,0.04,0.10,0.16,0.37,0.36,0.04,0.22,0.35,0.11,0.29,0.18,0.37,0.16,0.34,0.27,0.06,0.13,0.34,0.14,0.42,0.17,0.28,0.04,0.30,0.41,0.62,0.15,0.55,0.27,0.26,0.07,0.27,0.10,0.43,0.22,0.15,0.38,0.50,0.37,0.16,0.05,0.22,0.35,0.05,0.34,0.11,0.30,0.28,0.13,0.18,0.09,0.58,0.32,0.02,0.11,0.51,0.08,0.48,0.59,0.52,0.38,0.20,0.45,0.16,0.49,0.23,0.17,0.43,0.16,0.06,0.11,0.06,0.05,0.41,0.02,0.23,0.30,0.10,0.36,0.38,0.61,0.21,0.04
0.31,0.53,0.11,0.62,0.30,0.24,0.14,0.07,0.02,0.82,0.09,0.17,0.35,0.09,0.44,0.00,0.19,0.39,0.34,0.28,0.07,0.80,0.48,0.21,0.09,0.55,0.15,0.26,0.81,0.60,0.78,0.71,0.50,0.57,0.10,0.30,0.02,0.61,0.72,0.48,0.14,0.03,0.18,0.29,0.11,0.71,0.70,0.37,0.71,0.34,0.01,0.22,0.59,0.06,0.06,0.07,0.28,0.39,0.22,0.78,0.49,0.10,0.33,0.14,0.16,0.31,0.62,0.53,0.15,0.76,0.46,0.33,0.07,0.52,0.04,0.16,0.08,0.82,0.24,0.01,0.28,0.05,0.67,0.27,0.01,0.28,0.38,0.33,0.49,0.49,0.03,0.46,0.21,0.14,0.34,0.08,0.82,0.17,0.65,0.40
0.12,0.34,0.30,0.42,0.11,0.05,0.05,0.12,0.17,0.63,0.29,0.36,0.16,0.29,0.25,0.19,0.00,0.20,0.14,0.09,0.12,0.61,0.29,0.02,0.11,0.36,0.04,0.06,0.62,0.41,0.58,0.52,0.31,0.37,0.09,0.11,0.17,0.41,0.53,0.28,0.05,0.17,0.37,0.10,0.30,0.52,0.51,0.18,0.51,0.15,0.18,0.02,0.40,0.14,0.25,0.12,0.09,0.19,0.03,0.59,0.29,0.09,0.13,0.06,0.03,0.12,0.43,0.33,0.34,0.57,0.26,0.14,0.26,0.32,0.23,0.35,0.27,0.63,0.05,0.21,0.08,0.24,0.48,0.07,0.18,0.09,0.19,0.14,0.30,0.29,0.16,0.27,0.02,0.05,0.15,0.12,0.63,0.36,0.46,0.21
0.08,0.14,0.50,0.22,0.09,0.15,0.26,0.32,0.37,0.43,0.49,0.56,0.05,0.49,0.04,0.39,0.20,0.00,0.06,0.11,0.32,0.40,0.09,0.18,0.31,0.15,0.25,0.14,0.41,0.21,0.38,0.32,0.10,0.17,0.30,0.10,0.38,0.21,0.33,0.08,0.25,0.37,0.57,0.10,0.50,0.31,0.30,0.02,0.31,0.05,0.38,0.18,0.19,0.34,0.46,0.33,0.11,0.01,0.17,0.39,0.09,0.29,0.07,0.26,0.23,0.08,0.23,0.13,0.54,0.37,0.06,0.06,0.46,0.12,0.44,0.55,0.48,0.43,0.15,0.41,0.12,0.44,0.28,0.13,0.38,0.12,0.02,0.07,0.10,0.09,0.36,0.07,0.18,0.25,0.05,0.32,0.43,0.56,0.25,0.01
0.03,0.19,0.44,0.28,0.03,0.10,0.20,0.26,0.31,0.49,0.43,0.50,0.01,0.43,0.10,0.34,0.14,0.06,0.00,0.05,0.27,0.46,0.15,0.12,0.25,0.21,0.19,0.08,0.47,0.27,0.44,0.38,0.16,0.23,0.24,0.04,0.32,0.27,0.39,0.14,0.20,0.31,0.51,0.04,0.44,0.37,0.36,0.04,0.37,0.01,0.32,0.12,0.25,0.28,0.40,0.27,0.05,0.05,0.11,0.45,0.15,0.24,0.01,0.20,0.17,0.02,0.29,0.19,0.48,0.43,0.12,0.00,0.40,0.18,0.38,0.49,0.42,0.49,0.09,0.35,0.06,0.38,0.34,0.07,0.32,0.06,0.04,0.01,0.16,0.15,0.31,0.12,0.13,0.19,0.01,0.26,0.49,0.50,0.31,0.07
0.03,0.25,0.39,0.33,0.02,0.04,0.14,0.21,0.26,0.54,0.38,0.45,0.07,0.38,0.16,0.28,0.09,0.11,0.05,0.00,0.21,0.51,0.20,0.07,0.20,0.27,0.13,0.03,0.53,0.32,0.49,0.43,0.21,0.28,0.19,0.02,0.26,0.32,0.44,0.19,0.14,0.26,0.46,0.01,0.39,0.43,0.42,0.09,0.42,0.06,0.27,0.07,0.31,0.23,0.34,0.21,0.00,0.10,0.06,0.50,0.20,0.18,0.04,0.15,0.12,0.03,0.34,0.24,0.43,0.48,0.17,0.05,0.35,0.23,0.32,0.44,0.36,0.54,0.04,0.30,0.01,0.33,0.39,0.02,0.27,0.00,0.10,0.05,0.21,0.20,0.25,0.18,0.07,0.14,0.06,0.21,0.54,0.45,0.36,0.12
0.24,0.46,0.18,0.55,0.23,0.17,0.07,0.00,0.05,0.75,0.16,0.24,0.28,0.16,0.37,0.07,0.12,0.32,0.27,0.21,0.00,0.73,0.41,0.14,0.02,0.48,0.08,0.19,0.74,0.53,0.71,0.64,0.43,0.50,0.03,0.23,0.05,0.54,0.65,0.41,0.07,0.04,0.25,0.22,0.18,0.64,0.63,0.30,0.64,0.27,0.06,0.15,0.52,0.01,0.13,0.00,0.21,0.32,0.15,0.71,0.42,0.03,0.26,0.07,0.09,0.24,0.55,0.46,0.22,0.69,0.39,0.26,0.14,0.45,0.11,0.23,0.15,0.75,0.17,0.08,0.21,0.12,0.60,0.20,0.06,0.21,0.31,0.26,0.42,0.42,0.04,0.39,0.14,0.07,0.27,0.01,0.75,0.24,0.58,0.33
0.49,0.27,0.91,0.18,0.50,0.56,0.66,0.72,0.78,0.03,0.89,0.96,0.45,0.89,0.36,0.80,0.61,0.40,0.46,0.51,0.73,0.00,0.32,0.58,0.71,0.25,0.65,0.54,0.01,0.20,0.02,0.09,0.30,0.23,0.70,0.50,0.78,0.19,0.07,0.32,0.66,0.77,0.97,0.51,0.91,0.09,0.10,0.43,0.09,0.46,0.79,0.58,0.21,0.74,0.86,0.73,0.51,0.41,0.58,0.01,0.31,0.70,0.47,0.66,0.64,0.48,0.17,0.27,0.94,0.03,0.34,0.47,0.87,0.28,0.84,0.95,0.88,0.03,0.56,0.81,0.52,0.85,0.12,0.53,0.79,0.52,0.42,0.47,0.30,0.31,0.77,0.34,0.59,0.66,0.46,0.72,0.03,0.97,0.15,0.40
0.17,0.05,0.59,0.13,0.18,0.24,0.34,0.41,0.46,0.34,0.58,0.65,0.13,0.58,0.04,0.48,0.29,0.09,0.15,0.20,0.41,0.32,0.00,0.27,0.40,0.07,0.33,0.23,0.33,0.12,0.29,0.23,0.02,0.08,0.38,0.18,0.46,0.12,0.24,0.01,0.34,0.46,0.66,0.19,0.59,0.23,0.22,0.11,0.22,0.14,0.47,0.27,0.11,0.43,0.54,0.41,0.20,0.10,0.26,0.30,0.00,0.38,0.16,0.35,0.32,0.17,0.14,0.04,0.63,0.28,0.03,0.15,0.55,0.03,0.52,0.64,0.56,0.34,0.24,0.50,0.21,0.53,0.19,0.22,0.47,0.20,0.10,0.15,0.01,0.00,0.45,0.02,0.27,0.34,0.14,0.41,0.34,0.65,0.17,0.08
0.10,0.32,0.32,0.40,0.09,0.03,0.08,0.14,0.19,0.61,0.31,0.38,0.13,0.31,0.22,0.21,0.02,0.18,0.12,0.07,0.14,0.58,0.27,0.00,0.13,0.33,0.07,0.04,0.59,0.39,0.56,0.50,0.28,0.35,0.12,0.08,0.20,0.39,0.51,0.26,0.07,0.19,0.39,0.08,0.32,0.50,0.49,0.16,0.49,0.13,0.20,0.00,0.37,0.16,0.28,0.14,0.07,0.17,0.01,0.57,0.27,0.11,0.11,0.08,0.05,0.10,0.41,0.31,0.36,0.55,0.24,0.12,0.28,0.30,0.26,0.37,0.29,0.61,0.03,0.23,0.06,0.26,0.46,0.05,0.20,0.06,0.16,0.12,0.28,0.27,0.18,0.25,0.00,0.07,0.13,0.14,0.61,0.38,0.43,0.19
0.22,0.44,0.19,0.53,0.22,0.15,0.05,0.01,0.06,0.74,0.18,0.25,0.26,0.18,0.35,0.09,0.11,0.31,0.25,0.20,0.02,0.71,0.40,0.13,0.00,0.46,0.06,0.17,0.72,0.52,0.69,0.63,0.41,0.48,0.01,0.21,0.07,0.52,0.64,0.39,0.05,0.06,0.26,0.21,0.19,0.62,0.61,0.29,0.62,0.26,0.08,0.13,0.50,0.03,0.15,0.02,0.20,0.30,0.14,0.70,0.40,0.01,0.24,0.05,0.08,0.23,0.54,0.44,0.23,0.68,0.37,0.24,0.16,0.43,0.13,0.24,0.17,0.74,0.16,0.10,0.19,0.13,0.59,0.18,0.07,0.19,0.29,0.24,0.41,0.40,0.06,0.37,0.12,0.05,0.25,0.01,0.74,0.25,0.56,0.32
0.24,0.02,0.66,0.07,0.25,0.31,0.41,0.48,0.53,0.27,0.64,0.71,0.20,0.64,0.11,0.55,0.36,0.15,0.21,0.27,0.48,0.25,0.07,0.33,0.46,0.00,0.40,0.29,0.26,0.05,0.23,0.16,0.05,0.02,0.45,0.25,0.53,0.06,0.18,0.07,0.41,0.52,0.72,0.26,0.66,0.16,0.15,0.18,0.16,0.21,0.54,0.33,0.04,0.49,0.61,0.48,0.26,0.16,0.33,0.24,0.06,0.45,0.22,0.41,0.39,0.23,0.07,0.02,0.69,0.21,0.09,0.22,0.62,0.03,0.59,0.70,0.63,0.28,0.31,0.56,0.27,0.60,0.13,0.28,0.54,0.27,0.17,0.22,0.05,0.06,0.52,0.09,0.34,0.41,0.21,0.47,0.27,0.72,0.10,0.15
0.16,0.38,0.26,0.47,0.15,0.09,0.01,0.08,0.13,0.68,0.24,0.31,0.20,0.24,0.29,0.15,0.04,0.25,0.19,0.13,0.08,0.65,0.33,0.07,0.06,0.40,0.00,0.11,0.66,0.45,0.63,0.56,0.35,0.42,0.05,0.15,0.13,0.46,0.58,0.33,0.01,0.12,0.32,0.14,0.26,0.56,0.55,0.22,0.56,0.19,0.14,0.07,0.44,0.09,0.21,0.08,0.14,0.24,0.07,0.64,0.34,0.05,0.18,0.01,0.01,0.17,0.48,0.38,0.29,0.61,0.31,0.18,0.22,0.37,0.19,0.30,0.23,0.68,0.09,0.16,0.13,0.20,0.53,0.12,0.14,0.13,0.23,0.18,0.35,0.34,0.12,0.31,0.06,0.01,0.19,0.07,0.67,0.32,0.50,0.25
0.05,0.27,0.36,0.36,0.05,0.02,0.12,0.18,0.23,0.57,0.35,0.42,0.09,0.35,0.18,0.26,0.06,0.14,0.08,0.03,0.19,0.54,0.23,0.04,0.17,0.29,0.11,0.00,0.55,0.35,0.52,0.46,0.24,0.31,0.16,0.04,0.24,0.35,0.47,0.22,0.12,0.23,0.43,0.04,0.36,0.45,0.44,0.12,0.45,0.09,0.25,0.04,0.33,0.20,0.32,0.19,0.03,0.13,0.03,0.53,0.23,0.16,0.07,0.12,0.09,0.06,0.37,0.27,0.40,0.51,0.20,0.08,0.33,0.26,0.30,0.41,0.34,0.57,0.01,0.27,0.02,0.30,0.42,0.01,0.24,0.02,0.12,0.07,0.24,0.23,0.23,0.20,0.05,0.12,0.09,0.18,0.57,0.42,0.39,0.15
0.50,0.28,0.92,0.19,0.51,0.57,0.67,0.74,0.79,0.01,0.90,0.97,0.46,0.90,0.37,0.81,0.62,0.41,0.47,0.53,0.74,0.01,0.33,0.59,0.72,0.26,0.66,0.55,0.00,0.21,0.03,0.10,0.31,0.24,0.71,0.51,0.79,0.20,0.09,0.33,0.67,0.78,0.99,0.52,0.92,0.10,0.11,0.44,0.10,0.47,0.80,0.59,0.22,0.75,0.87,0.74,0.53,0.42,0.59,0.02,0.32,0.71,0.48,0.67,0.65,0.50,0.19,0.28,0.95,0.05,0.35,0.48,0.88,0.29,0.85,0.96,0.89,0.01,0.57,0.82,0.53,0.86,0.14,0.54,0.80,0.53,0.43,0.48,0.31,0.32,0.78,0.35,0.60,0.67,0.47,0.73,0.01,0.98,0.16,0.41
0.29,0.07,0.71,0.01,0.30,0.36,0.46,0.53,0.58,0.22,0.70,0.77,0.25,0.70,0.16,0.60,0.41,0.21,0.27,0.32,0.53,0.20,0.12,0.39,0.52,0.05,0.45,0.35,0.21,0.00,0.17,0.11,0.10,0.04,0.50,0.30,0.58,0.00,0.12,0.13,0.46,0.58,0.78,0.31,0.71,0.11,0.10,0.23,0.10,0.26,0.59,0.39,0.01,0.55,0.66,0.53,0.32,0.22,0.38,0.18,0.12,0.50,0.28,0.47,0.44,0.29,0.02,0.07,0.75,0.16,0.15,0.27,0.67,0.09,0.64,0.76,0.68,0.22,0.36,0.62,0.32,0.65,0.07,0.34,0.59,0.32,0.22,0.27,0.11,0.12,0.57,0.14,0.39,0.46,0.26,0.53,0.22,0.77,0.05,0.20
0.47,0.25,0.88,0.16,0.47,0.54,0.64,0.70,0.75,0.05,0.87,0.94,0.43,0.87,0.34,0.78,0.58,0.38,0.44,0.49,0.71,0.02,0.29,0.56,0.69,0.23,0.63,0.52,0.03,0.17,0.00,0.06,0.28,0.21,0.68,0.48,0.76,0.17,0.05,0.30,0.64,0.75,0.95,0.49,0.89,0.07,0.08,0.40,0.07,0.44,0.77,0.56,0.19,0.72,0.84,0.71,0.49,0.39,0.55,0.01,0.29,0.68,0.45,0.64,0.62,0.46,0.15,0.25,0.92,0.01,0.32,0.45,0.85,0.26,0.82,0.93,0.86,0.05,0.54,0.79,0.50,0.82,0.10,0.51,0.76,0.50,0.40,0.45,0.28,0.29,0.75,0.32,0.57,0.64,0.44,0.70,0.05,0.95,0.13,0.37
0.40,0.18,0.82,0.10,0.41,0.47,0.57,0.64,0.69,0.11,0.81,0.88,0.36,0.81,0.27,0.71,0.52,0.32,0.38,0.43,0.64,0.09,0.23,0.50,0.63,0.16,0.56,0.46,0.10,0.11,0.06,0.00,0.21,0.15,0.61,0.41,0.69,0.11,0.01,0.24,0.57,0.69,0.89,0.42,0.82,0.00,0.01,0.34,0.01,0.37,0.70,0.50,0.12,0.66,0.77,0.64,0.43,0.33,0.49,0.07,0.23,0.61,0.39,0.58,0.55,0.40,0.09,0.18,0.86,0.05,0.26,0.38,0.78,0.20,0.75,0.87,0.79,0.11,0.47,0.73,0.43,0.76,0.04,0.45,0.70,0.43,0.33,0.38,0.22,0.23,0.68,0.25,0.50,0.57,0.37,0.64,0.11,0.88,0.06,0.31
0.19,0.03,0.61,0.12,0.20,0.26,0.36,0.42,0.48,0.33,0.59,0.66,0.15,0.59,0.06,0.50,0.31,0.10,0.16,0.21,0.43,0.30,0.02,0.28,0.41,0.05,0.35,0.24,0.31,0.10,0.28,0.21,0.00,0.07,0.40,0.20,0.48,0.11,0.23,0.02,0.36,0.47,0.67,0.21,0.61,0.21,0.20,0.13,0.21,0.16,0.49,0.28,0.09,0.44,0.56,0.43,0.21,0.11,0.28,0.29,0.01,0.40,0.17,0.36,0.34,0.18,0.13,0.03,0.64,0.26,0.04,0.17,0.57,0.02,0.54,0.65,0.58,0.33,0.26,0.51,0.22,0.55,0.18,0.23,0.49,0.22,0.12,0.17,0.00,0.01,0.47,0.04,0.29,0.36,0.16,0.42,0.33,0.67,0.15,0.10
0.26,0.04,0.67,0.05,0.26,0.33,0.43,0.49,0.54,0.26,0.66,0.73,0.22,0.66,0.13,0.57,0.37,0.17,0.23,0.28,0.50,0.23,0.08,0.35,0.48,0.02,0.42,0.31,0.24,0.04,0.21,0.15,0.07,0.00,0.47,0.27,0.55,0.04,0.16,0.09,0.43,0.54,0.74,0.27,0.67,0.14,0.13,0.19,0.14,0.22,0.56,0.35,0.02,0.51,0.63,0.50,0.28,0.18,0.34,0.22,0.08,0.47,0.24,0.43,0.40,0.25,0.06,0.04,0.71,0.20,0.11,0.23,0.64,0.05,0.61,0.72,0.65,0.26,0.32,0.58,0.29,0.61,0.11,0.30,0.55,0.29,0.19,0.24,0.07,0.08,0.54,0.11,0.36,0.43,0.22,0.49,0.26,0.73,0.08,0.16
0.21,0.43,0.21,0.52,0.20,0.14,0.04,0.02,0.08,0.73,0.19,0.26,0.25,0.19,0.34,0.10,0.09,0.30,0.24,0.19,0.03,0.70,0.38,0.12,0.01,0.45,0.05,0.16,0.71,0.50,0.68,0.61,0.40,0.47,0.00,0.20,0.08,0.51,0.63,0.38,0.04,0.07,0.27,0.19,0.21,0.61,0.60,0.27,0.61,0.24,0.09,0.12,0.49,0.04,0.16,0.03,0.19,0.29,0.12,0.69,0.39,0.00,0.23,0.04,0.06,0.22,0.53,0.43,0.24,0.66,0.36,0.23,0.17,0.42,0.14,0.25,0.18,0.73,0.14,0.11,0.18,0.15,0.58,0.17,0.09,0.18,0.28,0.23,0.40,0.39,0.07,0.36,0.11,0.04,0.24,0.02,0.73,0.27,0.55,0.30
0.01,0.23,0.41,0.32,0.00,0.06,0.16,0.23,0.28,0.52,0.39,0.46,0.05,0.39,0.14,0.30,0.11,0.10,0.04,0.02,0.23,0.50,0.18,0.08,0.21,0.25,0.15,0.04,0.51,0.30,0.48,0.41,0.20,0.27,0.20,0.00,0.28,0.31,0.42,0.18,0.16,0.27,0.48,0.01,0.41,0.41,0.40,0.07,0.41,0.04,0.29,0.08,0.29,0.24,0.36,0.23,0.02,0.09,0.08,0.49,0.19,0.20,0.03,0.16,0.14,0.01,0.32,0.23,0.45,0.46,0.16,0.03,0.37,0.22,0.34,0.45,0.38,0.52,0.06,0.31,0.02,0.35,0.37,0.03,0.29,0.02,0.08,0.03,0.20,0.19,0.27,0.16,0.09,0.16,0.04,0.22,0.52,0.47,0.35,0.10
0.29,0.51,0.13,0.60,0.28,0.22,0.12,0.05,0.00,0.80,0.11,0.18,0.33,0.11,0.42,0.02,0.17,0.38,0.32,0.26,0.05,0.78,0.46,0.20,0.07,0.53,0.13,0.24,0.79,0.58,0.76,0.69,0.48,0.55,0.08,0.28,0.00,0.59,0.70,0.46,0.12,0.01,0.20,0.27,0.13,0.69,0.68,0.35,0.69,0.32,0.01,0.20,0.57,0.04,0.08,0.05,0.26,0.37,0.20,0.77,0.47,0.08,0.31,0.12,0.14,0.29,0.60,0.51,0.17,0.74,0.44,0.31,0.09,0.50,0.06,0.18,0.10,0.80,0.22,0.03,0.26,0.07,0.65,0.25,0.01,0.26,0.36,0.31,0.48,0.47,0.01,0.44,0.19,0.12,0.32,0.06,0.80,0.19,0.63,0.38
0.30,0.08,0.71,0.01,0.30,0.37,0.47,0.53,0.58,0.22,0.70,0.77,0.26,0.70,0.17,0.61,0.41,0.21,0.27,0.32,0.54,0.19,0.12,0.39,0.52,0.06,0.46,0.35,0.20,0.00,0.17,0.11,0.11,0.04,0.51,0.31,0.59,0.00,0.12,0.13,0.47,0.58,0.78,0.31,0.71,0.10,0.09,0.23,0.10,0.26,0.59,0.39,0.02,0.55,0.67,0.54,0.32,0.22,0.38,0.18,0.12,0.51,0.28,0.47,0.44,0.29,0.02,0.08,0.75,0.16,0.15,0.27,0.67,0.09,0.65,0.76,0.69,0.22,0.36,0.62,0.33,0.65,0.07,0.34,0.59,0.33,0.23,0.28,0.11,0.12,0.58,0.15,0.40,0.46,0.26,0.53,0.22,0.77,0.04,0.20
0.41,0.19,0.83,0.11,0.42,0.48,0.58,0.65,0.70,0.10,0.82,0.89,0.37,0.82,0.28,0.72,0.53,0.33,0.39,0.44,0.65,0.07,0.24,0.51,0.64,0.18,0.58,0.47,0.09,0.12,0.05,0.01,0.23,0.16,0.63,0.42,0.70,0.12,0.00,0.25,0.58,0.70,0.90,0.43,0.83,0.01,0.02,0.35,0.02,0.38,0.71,0.51,0.13,0.67,0.79,0.65,0.44,0.34,0.50,0.06,0.24,0.62,0.40,0.59,0.56,0.41,0.10,0.20,0.87,0.04,0.27,0.39,0.79,0.21,0.76,0.88,0.80,0.10,0.48,0.74,0.45,0.77,0.05,0.46,0.71,0.45,0.35,0.39,0.23,0.24,0.69,0.26,0.51,0.58,0.38,0.65,0.10,0.89,0.08,0.32
0.17,0.05,0.58,0.14,0.17,0.24,0.34,0.40,0.45,0.35,0.57,0.64,0.13,0.57,0.04,0.48,0.28,0.08,0.14,0.19,0.41,0.32,0.01,0.26,0.39,0.07,0.33,0.22,0.33,0.13,0.30,0.24,0.02,0.09,0.38,0.18,0.46,0.13,0.25,0.00,0.34,0.45,0.65,0.18,0.58,0.23,0.22,0.10,0.23,0.13,0.46,0.26,0.11,0.42,0.54,0.41,0.19,0.09,0.25,0.31,0.01,0.38,0.15,0.34,0.31,0.16,0.15,0.05,0.62,0.29,0.02,0.14,0.54,0.04,0.52,0.63,0.56,0.35,0.23,0.49,0.20,0.52,0.20,0.21,0.46,0.20,0.10,0.15,0.02,0.01,0.44,0.01,0.26,0.33,0.13,0.40,0.35,0.64,0.17,0.07
0.17,0.39,0.25,0.48,0.16,0.10,0.00,0.07,0.12,0.68,0.23,0.31,0.21,0.23,0.30,0.14,0.05,0.25,0.20,0.14,0.07,0.66,0.34,0.07,0.05,0.41,0.01,0.12,0.67,0.46,0.64,0.57,0.36,0.43,0.04,0.16,0.12,0.47,0.58,0.34,0.00,0.12,0.32,0.15,0.25,0.57,0.56,0.23,0.56,0.20,0.13,0.08,0.45,0.08,0.20,0.07,0.14,0.25,0.08,0.64,0.35,0.04,0.19,0.00,0.02,0.17,0.48,0.39,0.29,0.62,0.32,0.19,0.21,0.38,0.18,0.30,0.22,0.68,0.10,0.15,0.14,0.19,0.53,0.13,0.13,0.14,0.24,0.19,0.35,0.35,0.11,0.32,0.07,0.00,0.20,0.06,0.68,0.31,0.51,0.26
0.29,0.51,0.13,0.59,0.28,0.21,0.11,0.05,0.00,0.80,0.12,0.19,0.32,0.12,0.41,0.03,0.17,0.37,0.31,0.26,0.04,0.77,0.46,0.19,0.06,0.52,0.12,0.23,0.78,0.58,0.75,0.69,0.47,0.54,0.07,0.27,0.01,0.58,0.70,0.45,0.12,0.00,0.20,0.27,0.13,0.68,0.67,0.35,0.68,0.32,0.01,0.19,0.56,0.03,0.09,0.04,0.26,0.36,0.20,0.76,0.46,0.08,0.30,0.11,0.14,0.29,0.60,0.50,0.17,0.74,0.43,0.31,0.09,0.49,0.07,0.18,0.11,0.80,0.22,0.04,0.25,0.07,0.65,0.24,0.01,0.25,0.35,0.30,0.47,0.46,0.01,0.44,0.19,0.12,0.32,0.05,0.80,0.19,0.62,0.38
0.49,0.71,0.07,0.79,0.48,0.42,0.32,0.25,0.20,1.00,0.08,0.01,0.53,0.08,0.62,0.18,0.37,0.57,0.51,0.46,0.25,0.97,0.66,0.39,0.26,0.72,0.32,0.43,0.99,0.78,0.95,0.89,0.67,0.74,0.27,0.48,0.20,0.78,0.90,0.65,0.32,0.20,0.00,0.47,0.07,0.89,0.88,0.55,0.88,0.52,0.19,0.39,0.77,0.23,0.11,0.25,0.46,0.56,0.40,0.96,0.66,0.28,0.50,0.31,0.34,0.49,0.80,0.70,0.03,0.94,0.63,0.51,0.11,0.69,0.14,0.02,0.10,1.00,0.42,0.16,0.45,0.13,0.85,0.44,0.19,0.45,0.55,0.51,0.67,0.66,0.21,0.64,0.39,0.32,0.52,0.25,1.00,0.01,0.82,0.58
0.02,0.24,0.40,0.32,0.01,0.05,0.15,0.22,0.27,0.53,0.38,0.46,0.06,0.38,0.15,0.29,0.10,0.10,0.04,0.01,0.22,0.51,0.19,0.08,0.21,0.26,0.14,0.04,0.52,0.31,0.49,0.42,0.21,0.27,0.19,0.01,0.27,0.31,0.43,0.18,0.15,0.27,0.47,0.00,0.40,0.42,0.41,0.08,0.41,0.05,0.28,0.07,0.30,0.24,0.35,0.22,0.01,0.09,0.07,0.49,0.20,0.19,0.04,0.16,0.13,0.02,0.33,0.24,0.44,0.47,0.16,0.04,0.36,0.23,0.33,0.45,0.37,0.53,0.05,0.31,0.01,0.34,0.38,0.03,0.28,0.01,0.09,0.04,0.20,0.19,0.26,0.17,0.08,0.15,0.05,0.21,0.53,0.46,0.36,0.11
0.42,0.64,0.00,0.72,0.41,0.35,0.25,0.18,0.13,0.93,0.01,0.06,0.46,0.01,0.55,0.11,0.30,0.50,0.44,0.39,0.18,0.91,0.59,0.32,0.19,0.66,0.26,0.36,0.92,0.71,0.89,0.82,0.61,0.67,0.21,0.41,0.13,0.71,0.83,0.58,0.25,0.13,0.07,0.40,0.00,0.82,0.81,0.48,0.81,0.45,0.12,0.32,0.70,0.16,0.05,0.18,0.39,0.49,0.33,0.89,0.59,0.21,0.43,0.24,0.27,0.42,0.73,0.64,0.04,0.87,0.56,0.44,0.04,0.63,0.07,0.05,0.03,0.93,0.35,0.09,0.39,0.06,0.78,0.37,0.12,0.39,0.49,0.44,0.60,0.59,0.14,0.57,0.32,0.25,0.45,0.18,0.93,0.06,0.76,0.51
0.40,0.18,0.82,0.09,0.41,0.47,0.57,0.64,0.69,0.11,0.80,0.88,0.36,0.80,0.27,0.71,0.52,0.31,0.37,0.43,0.64,0.09,0.23,0.50,0.62,0.16,0.56,0.45,0.10,0.11,0.07,0.00,0.21,0.14,0.61,0.41,0.69,0.10,0.01,0.23,0.57,0.68,0.89,0.42,0.82,0.00,0.01,0.34,0.00,0.37,0.70,0.49,0.12,0.65,0.77,0.64,0.43,0.32,0.49,0.07,0.22,0.61,0.38,0.57,0.55,0.40,0.09,0.18,0.86,0.05,0.25,0.38,0.78,0.19,0.75,0.87,0.79,0.11,0.47,0.72,0.43,0.76,0.04,0.44,0.70,0.43,0.33,0.38,0.21,0.22,0.68,0.25,0.50,0.57,0.37,0.63,0.11,0.88,0.06,0.31
0.39,0.17,0.81,0.08,0.40,0.46,0.56,0.63,0.68,0.12,0.79,0.87,0.35,0.79,0.26,0.70,0.51,0.30,0.36,0.42,0.63,0.10,0.22,0.49,0.61,0.15,0.55,0.44,0.11,0.10,0.08,0.01,0.20,0.13,0.60,0.40,0.68,0.09,0.02,0.22,0.56,0.67,0.88,0.41,0.81,0.01,0.00,0.33,0.01,0.36,0.69,0.48,0.11,0.64,0.76,0.63,0.42,0.31,0.48,0.09,0.21,0.60,0.37,0.56,0.54,0.39,0.08,0.17,0.85,0.06,0.24,0.37,0.77,0.18,0.74,0.86,0.78,0.12,0.46,0.71,0.42,0.75,0.03,0.43,0.69,0.42,0.32,0.37,0.20,0.21,0.67,0.24,0.49,0.56,0.36,0.62,0.12,0.87,0.05,0.30
0.06,0.16,0.48,0.24,0.07,0.13,0.23,0.30,0.35,0.45,0.47,0.54,0.02,0.47,0.07,0.37,0.18,0.02,0.04,0.09,0.30,0.43,0.11,0.16,0.29,0.18,0.22,0.12,0.44,0.23,0.40,0.34,0.13,0.19,0.27,0.07,0.35,0.23,0.35,0.10,0.23,0.35,0.55,0.08,0.48,0.34,0.33,0.00,0.33,0.03,0.36,0.16,0.22,0.32,0.43,0.30,0.09,0.01,0.15,0.41,0.11,0.27,0.05,0.24,0.21,0.06,0.25,0.15,0.52,0.39,0.08,0.04,0.44,0.14,0.41,0.53,0.45,0.45,0.13,0.39,0.10,0.42,0.30,0.11,0.36,0.09,0.01,0.04,0.12,0.11,0.34,0.09,0.16,0.23,0.03,0.30,0.45,0.54,0.28,0.03
0.39,0.17,0.81,0.09,0.40,0.47,0.57,0.63,0.68,0.12,0.80,0.87,0.36,0.80,0.27,0.71,0.51,0.31,0.37,0.42,0.64,0.09,0.22,0.49,0.62,0.16,0.56,0.45,0.10,0.10,0.07,0.01,0.21,0.14,0.61,0.41,0.69,0.10,0.02,0.23,0.56,0.68,0.88,0.41,0.81,0.00,0.01,0.33,0.00,0.36,0.69,0.49,0.12,0.65,0.77,0.64,0.42,0.32,0.48,0.08,0.22,0.60,0.38,0.57,0.54,0.39,0.08,0.18,0.85,0.06,0.25,0.37,0.77,0.19,0.75,0.86,0.79,0.12,0.46,0.72,0.43,0.75,0.03,0.44,0.69,0.43,0.33,0.38,0.21,0.22,0.67,0.24,0.49,0.56,0.36,0.63,0.12,0.87,0.06,0.30
0.03,0.19,0.45,0.27,0.04,0.10,0.20,0.27,0.32,0.48,0.44,0.51,0.01,0.43,0.10,0.34,0.15,0.05,0.01,0.06,0.27,0.46,0.14,0.13,0.26,0.21,0.19,0.09,0.47,0.26,0.44,0.37,0.16,0.22,0.24,0.04,0.32,0.26,0.38,0.13,0.20,0.32,0.52,0.05,0.45,0.37,0.36,0.03,0.36,0.00,0.33,0.13,0.25,0.29,0.40,0.27,0.06,0.04,0.12,0.44,0.15,0.24,0.02,0.21,0.18,0.03,0.28,0.19,0.49,0.42,0.11,0.01,0.41,0.18,0.38,0.50,0.42,0.48,0.10,0.36,0.06,0.39,0.33,0.08,0.33,0.06,0.04,0.01,0.15,0.14,0.31,0.12,0.13,0.20,0.00,0.26,0.48,0.51,0.31,0.06
0.30,0.52,0.12,0.61,0.29,0.23,0.13,0.06,0.01,0.81,0.10,0.18,0.34,0.10,0.43,0.01,0.18,0.38,0.32,0.27,0.06,0.79,0.47,0.20,0.08,0.54,0.14,0.25,0.80,0.59,0.77,0.70,0.49,0.56,0.09,0.29,0.01,0.59,0.71,0.46,0.13,0.01,0.19,0.28,0.12,0.70,0.69,0.36,0.69,0.33,0.00,0.21,0.58,0.04,0.07,0.06,0.27,0.37,0.21,0.77,0.48,0.09,0.32,0.12,0.15,0.30,0.61,0.52,0.16,0.75,0.44,0.32,0.08,0.51,0.05,0.17,0.09,0.81,0.23,0.02,0.27,0.06,0.66,0.25,0.00,0.27,0.37,0.32,0.48,0.48,0.02,0.45,0.20,0.13,0.33,0.07,0.81,0.18,0.64,0.39
0.09,0.31,0.32,0.40,0.09,0.02,0.08,0.14,0.19,0.61,0.31,0.38,0.13,0.31,0.22,0.22,0.02,0.18,0.12,0.07,0.15,0.58,0.27,0.00,0.13,0.33,0.07,0.04,0.59,0.39,0.56,0.50,0.28,0.35,0.12,0.08,0.20,0.39,0.51,0.26,0.08,0.19,0.39,0.07,0.32,0.49,0.48,0.16,0.49,0.13,0.21,0.00,0.37,0.16,0.28,0.15,0.07,0.17,0.01,0.57,0.27,0.12,0.11,0.08,0.05,0.10,0.41,0.31,0.36,0.55,0.24,0.11,0.29,0.30,0.26,0.37,0.30,0.61,0.03,0.23,0.06,0.26,0.46,0.05,0.20,0.06,0.16,0.11,0.28,0.27,0.19,0.24,0.01,0.08,0.12,0.14,0.61,0.39,0.43,0.19
0.28,0.06,0.70,0.03,0.29,0.35,0.45,0.52,0.57,0.23,0.68,0.75,0.24,0.68,0.15,0.59,0.40,0.19,0.25,0.31,0.52,0.21,0.11,0.37,0.50,0.04,0.44,0.33,0.22,0.01,0.19,0.12,0.09,0.02,0.49,0.29,0.57,0.02,0.13,0.11,0.45,0.56,0.77,0.30,0.70,0.12,0.11,0.22,0.12,0.25,0.58,0.37,0.00,0.53,0.65,0.52,0.31,0.20,0.37,0.20,0.10,0.49,0.26,0.45,0.43,0.28,0.03,0.06,0.73,0.17,0.13,0.26,0.66,0.07,0.63,0.74,0.67,0.23,0.35,0.60,0.31,0.64,0.08,0.32,0.58,0.31,0.21,0.26,0.09,0.10,0.56,0.13,0.38,0.45,0.25,0.51,0.23,0.76,0.06,0.19
0.25,0.47,0.16,0.56,0.25,0.18,0.08,0.02,0.03,0.77,0.15,0.22,0.29,0.15,0.38,0.06,0.14,0.34,0.28,0.23,0.01,0.74,0.43,0.16,0.03,0.49,0.09,0.20,0.75,0.55,0.72,0.66,0.44,0.51,0.04,0.24,0.04,0.55,0.67,0.42,0.08,0.03,0.23,0.24,0.16,0.65,0.64,0.32,0.65,0.29,0.04,0.16,0.53,0.00,0.12,0.01,0.23,0.33,0.17,0.73,0.43,0.04,0.27,0.08,0.11,0.26,0.57,0.47,0.20,0.71,0.40,0.28,0.12,0.46,0.10,0.21,0.14,0.77,0.19,0.07,0.22,0.10,0.62,0.21,0.04,0.22,0.32,0.27,0.44,0.43,0.02,0.41,0.16,0.09,0.29,0.02,0.77,0.22,0.59,0.35
0.37,0.59,0.05,0.68,0.36,0.30,0.20,0.13,0.08,0.88,0.03,0.10,0.41,0.03,0.50,0.06,0.25,0.46,0.40,0.34,0.13,0.86,0.54,0.28,0.15,0.61,0.21,0.32,0.87,0.66,0.84,0.77,0.56,0.63,0.16,0.36,0.08,0.67,0.79,0.54,0.20,0.09,0.11,0.35,0.05,0.77,0.76,0.43,0.77,0.40,0.07,0.28,0.65,0.12,0.00,0.13,0.34,0.45,0.28,0.85,0.55,0.16,0.39,0.20,0.22,0.37,0.68,0.59,0.08,0.82,0.52,0.39,0.01,0.58,0.02,0.09,0.02,0.89,0.30,0.05,0.34,0.01,0.73,0.33,0.07,0.34,0.44,0.39,0.56,0.55,0.09,0.52,0.27,0.20,0.40,0.14,0.88,0.11,0.71,0.46
0.24,0.46,0.18,0.55,0.23,0.17,0.07,0.00,0.05,0.75,0.16,0.24,0.28,0.16,0.37,0.07,0.12,0.33,0.27,0.21,0.00,0.73,0.41,0.14,0.02,0.48,0.08,0.19,0.74,0.53,0.71,0.64,0.43,0.50,0.03,0.23,0.05,0.54,0.65,0.41,0.07,0.04,0.25,0.22,0.18,0.64,0.63,0.30,0.64,0.27,0.06,0.15,0.52,0.01,0.13,0.00,0.21,0.32,0.15,0.71,0.42,0.03,0.26,0.07,0.09,0.24,0.55,0.46,0.22,0.69,0.39,0.26,0.14,0.45,0.11,0.23,0.15,0.75,0.17,0.08,0.21,0.12,0.60,0.20,0.06,0.21,0.31,0.26,0.43,0.42,0.04,0.39,0.14,0.07,0.27,0.01,0.75,0.24,0.58,0.33
0.03,0.25,0.39,0.33,0.02,0.04,0.14,0.21,0.26,0.54,0.38,0.45,0.07,0.38,0.16,0.28,0.09,0.11,0.05,0.00,0.21,0.51,0.20,0.07,0.20,0.26,0.14,0.03,0.53,0.32,0.49,0.43,0.21,0.28,0.19,0.02,0.26,0.32,0.44,0.19,0.14,0.26,0.46,0.01,0.39,0.43,0.42,0.09,0.42,0.06,0.27,0.07,0.31,0.23,0.34,0.21,0.00,0.10,0.06,0.50,0.20,0.18,0.04,0.15,0.12,0.03,0.34,0.24,0.43,0.48,0.17,0.05,0.35,0.23,0.32,0.44,0.36,0.54,0.04,0.30,0.01,0.33,0.39,0.02,0.27,0.01,0.09,0.05,0.21,0.20,0.25,0.18,0.07,0.14,0.06,0.21,0.54,0.45,0.36,0.12
0.08,0.14,0.49,0.23,0.08,0.15,0.25,0.31,0.36,0.44,0.48,0.55,0.04,0.48,0.05,0.39,0.19,0.01,0.05,0.10,0.32,0.41,0.10,0.17,0.30,0.16,0.24,0.13,0.42,0.22,0.39,0.33,0.11,0.18,0.29,0.09,0.37,0.22,0.34,0.09,0.25,0.36,0.56,0.09,0.49,0.32,0.31,0.01,0.32,0.04,0.37,0.17,0.20,0.33,0.45,0.32,0.10,0.00,0.16,0.40,0.10,0.29,0.06,0.25,0.22,0.07,0.24,0.14,0.53,0.38,0.07,0.05,0.45,0.13,0.43,0.54,0.47,0.44,0.14,0.40,0.11,0.43,0.29,0.12,0.37,0.11,0.01,0.06,0.11,0.10,0.36,0.08,0.18,0.24,0.04,0.31,0.44,0.55,0.26,0.02
0.09,0.31,0.33,0.39,0.08,0.02,0.08,0.15,0.20,0.60,0.32,0.39,0.13,0.32,0.22,0.22,0.03,0.17,0.11,0.06,0.15,0.58,0.26,0.01,0.14,0.33,0.07,0.03,0.59,0.38,0.55,0.49,0.28,0.34,0.12,0.08,0.20,0.38,0.50,0.25,0.08,0.20,0.40,0.07,0.33,0.49,0.48,0.15,0.48,0.12,0.21,0.01,0.37,0.17,0.28,0.15,0.06,0.16,0.00,0.56,0.26,0.12,0.10,0.09,0.06,0.09,0.40,0.30,0.37,0.54,0.23,0.11,0.29,0.29,0.26,0.38,0.30,0.60,0.02,0.24,0.05,0.27,0.45,0.04,0.21,0.06,0.16,0.11,0.27,0.26,0.19,0.24,0.01,0.08,0.12,0.15,0.60,0.39,0.43,0.18
0.47,0.25,0.89,0.17,0.48,0.54,0.65,0.71,0.76,0.04,0.88,0.95,0.44,0.88,0.35,0.78,0.59,0.39,0.45,0.50,0.71,0.01,0.30,0.57,0.70,0.24,0.64,0.53,0.02,0.18,0.01,0.07,0.29,0.22,0.69,0.49,0.77,0.18,0.06,0.31,0.64,0.76,0.96,0.49,0.89,0.07,0.09,0.41,0.08,0.44,0.77,0.57,0.20,0.73,0.85,0.71,0.50,0.40,0.56,0.00,0.30,0.68,0.46,0.65,0.62,0.47,0.16,0.26,0.93,0.02,0.33,0.45,0.85,0.27,0.83,0.94,0.86,0.04,0.54,0.80,0.51,0.83,0.11,0.52,0.77,0.51,0.41,0.46,0.29,0.30,0.75,0.32,0.57,0.64,0.44,0.71,0.04,0.95,0.14,0.38
0.18,0.04,0.59,0.13,0.18,0.25,0.35,0.41,0.46,0.34,0.58,0.65,0.14,0.58,0.05,0.49,0.29,0.09,0.15,0.20,0.42,0.31,0.00,0.27,0.40,0.06,0.34,0.23,0.32,0.12,0.29,0.23,0.01,0.08,0.39,0.19,0.47,0.12,0.24,0.01,0.35,0.46,0.66,0.20,0.59,0.22,0.21,0.11,0.22,0.15,0.48,0.27,0.10,0.43,0.55,0.42,0.20,0.10,0.26,0.30,0.00,0.39,0.16,0.35,0.32,0.17,0.14,0.04,0.63,0.28,0.03,0.16,0.56,0.03,0.53,0.64,0.57,0.34,0.25,0.50,0.21,0.53,0.19,0.22,0.47,0.21,0.11,0.16,0.01,0.00,0.46,0.03,0.28,0.35,0.15,0.41,0.34,0.66,0.16,0.08
0.21,0.43,0.21,0.52,0.20,0.14,0.04,0.03,0.08,0.72,0.19,0.27,0.25,0.19,0.34,0.10,0.09,0.29,0.24,0.18,0.03,0.70,0.38,0.11,0.01,0.45,0.05,0.16,0.71,0.50,0.68,0.61,0.40,0.47,0.00,0.20,0.08,0.51,0.62,0.38,0.04,0.08,0.28,0.19,0.21,0.61,0.60,0.27,0.60,0.24,0.09,0.12,0.49,0.04,0.16,0.03,0.18,0.29,0.12,0.68,0.39,0.00,0.23,0.04,0.06,0.21,0.52,0.43,0.25,0.66,0.36,0.23,0.17,0.42,0.14,0.26,0.18,0.72,0.14,0.11,0.18,0.15,0.57,0.17,0.09,0.18,0.28,0.23,0.39,0.39,0.07,0.36,0.11,0.04,0.24,0.02,0.72,0.27,0.55,0.30
0.02,0.20,0.43,0.29,0.02,0.09,0.19,0.25,0.30,0.50,0.42,0.49,0.02,0.42,0.11,0.33,0.13,0.07,0.01,0.04,0.26,0.47,0.16,0.11,0.24,0.22,0.18,0.07,0.48,0.28,0.45,0.39,0.17,0.24,0.23,0.03,0.31,0.28,0.40,0.15,0.19,0.30,0.50,0.04,0.43,0.38,0.37,0.05,0.38,0.02,0.32,0.11,0.26,0.27,0.39,0.26,0.04,0.06,0.10,0.46,0.16,0.23,0.00,0.19,0.16,0.01,0.30,0.20,0.47,0.44,0.13,0.00,0.40,0.19,0.37,0.48,0.41,0.50,0.08,0.34,0.05,0.37,0.35,0.06,0.31,0.05,0.05,0.00,0.17,0.16,0.30,0.13,0.12,0.19,0.01,0.25,0.50,0.49,0.32,0.08
0.17,0.39,0.24,0.48,0.17,0.10,0.00,0.06,0.11,0.69,0.23,0.30,0.21,0.23,0.30,0.14,0.06,0.26,0.20,0.15,0.07,0.66,0.35,0.08,0.05,0.41,0.01,0.12,0.67,0.47,0.64,0.58,0.36,0.43,0.04,0.16,0.12,0.47,0.59,0.34,0.00,0.11,0.31,0.16,0.24,0.57,0.56,0.24,0.57,0.21,0.12,0.08,0.45,0.08,0.20,0.07,0.15,0.25,0.09,0.65,0.35,0.04,0.19,0.00,0.03,0.18,0.49,0.39,0.28,0.63,0.32,0.20,0.21,0.38,0.18,0.29,0.22,0.69,0.11,0.15,0.14,0.18,0.54,0.13,0.12,0.14,0.24,0.19,0.36,0.35,0.11,0.32,0.07,0.01,0.21,0.06,0.69,0.30,0.51,0.27
0.15,0.37,0.27,0.45,0.14,0.08,0.02,0.09,0.14,0.66,0.26,0.33,0.19,0.26,0.28,0.16,0.03,0.23,0.17,0.12,0.09,0.64,0.32,0.05,0.08,0.39,0.01,0.09,0.65,0.44,0.62,0.55,0.34,0.40,0.06,0.14,0.14,0.44,0.56,0.31,0.02,0.14,0.34,0.13,0.27,0.55,0.54,0.21,0.54,0.18,0.15,0.05,0.43,0.11,0.22,0.09,0.12,0.22,0.06,0.62,0.32,0.06,0.16,0.03,0.00,0.15,0.46,0.37,0.31,0.60,0.29,0.17,0.23,0.36,0.20,0.32,0.24,0.66,0.08,0.18,0.12,0.21,0.51,0.10,0.15,0.12,0.22,0.17,0.33,0.32,0.13,0.30,0.05,0.02,0.18,0.08,0.66,0.33,0.49,0.24
0.00,0.22,0.42,0.30,0.01,0.07,0.17,0.24,0.29,0.51,0.41,0.48,0.04,0.41,0.13,0.31,0.12,0.08,0.02,0.03,0.24,0.48,0.17,0.10,0.23,0.23,0.17,0.06,0.50,0.29,0.46,0.40,0.18,0.25,0.22,0.01,0.29,0.29,0.41,0.16,0.17,0.29,0.49,0.02,0.42,0.40,0.39,0.06,0.39,0.03,0.30,0.10,0.28,0.26,0.37,0.24,0.03,0.07,0.09,0.47,0.17,0.21,0.01,0.18,0.15,0.00,0.31,0.21,0.46,0.45,0.14,0.02,0.38,0.20,0.35,0.47,0.39,0.51,0.07,0.33,0.04,0.36,0.36,0.05,0.30,0.04,0.06,0.02,0.18,0.17,0.28,0.15,0.10,0.17,0.03,0.24,0.51,0.48,0.33,0.09
0.31,0.09,0.73,0.01,0.32,0.38,0.48,0.55,0.60,0.20,0.72,0.79,0.27,0.72,0.18,0.62,0.43,0.23,0.29,0.34,0.55,0.17,0.14,0.41,0.54,0.07,0.48,0.37,0.19,0.02,0.15,0.09,0.13,0.06,0.53,0.32,0.60,0.02,0.10,0.15,0.48,0.60,0.80,0.33,0.73,0.09,0.08,0.25,0.08,0.28,0.61,0.41,0.03,0.57,0.68,0.55,0.34,0.24,0.40,0.16,0.14,0.52,0.30,0.49,0.46,0.31,0.00,0.10,0.77,0.14,0.17,0.29,0.69,0.11,0.66,0.78,0.70,0.20,0.38,0.64,0.35,0.67,0.05,0.36,0.61,0.35,0.25,0.29,0.13,0.14,0.59,0.16,0.41,0.48,0.28,0.55,0.20,0.79,0.02,0.22
0.22,0.00,0.63,0.09,0.22,0.29,0.39,0.45,0.50,0.30,0.62,0.69,0.18,0.62,0.09,0.53,0.33,0.13,0.19,0.24,0.46,0.27,0.04,0.31,0.44,0.02,0.38,0.27,0.28,0.07,0.25,0.18,0.03,0.04,0.43,0.23,0.51,0.08,0.20,0.05,0.39,0.50,0.70,0.24,0.64,0.18,0.17,0.15,0.18,0.19,0.52,0.31,0.06,0.47,0.59,0.46,0.24,0.14,0.30,0.26,0.04,0.43,0.20,0.39,0.37,0.21,0.10,0.00,0.67,0.24,0.07,0.20,0.60,0.01,0.57,0.68,0.61,0.30,0.29,0.54,0.25,0.57,0.15,0.26,0.51,0.25,0.15,0.20,0.03,0.04,0.50,0.07,0.32,0.39,0.19,0.45,0.30,0.70,0.12,0.12
0.46,0.68,0.04,0.76,0.45,0.39,0.28,0.22,0.17,0.97,0.05,0.02,0.49,0.05,0.58,0.15,0.34,0.54,0.48,0.43,0.22,0.94,0.63,0.36,0.23,0.69,0.29,0.40,0.95,0.75,0.92,0.86,0.64,0.71,0.24,0.45,0.17,0.75,0.87,0.62,0.29,0.17,0.03,0.44,0.04,0.86,0.85,0.52,0.85,0.49,0.16,0.36,0.73,0.20,0.08,0.22,0.43,0.53,0.37,0.93,0.63,0.25,0.47,0.28,0.31,0.46,0.77,0.67,0.00,0.91,0.60,0.48,0.08,0.66,0.10,0.01,0.07,0.97,0.39,0.13,0.42,0.10,0.82,0.41,0.16,0.42,0.52,0.48,0.64,0.63,0.18,0.61,0.36,0.29,0.49,0.22,0.97,0.02,0.79,0.55
0.45,0.23,0.87,0.15,0.46,0.52,0.62,0.69,0.74,0.06,0.86,0.93,0.41,0.86,0.32,0.76,0.57,0.37,0.43,0.48,0.69,0.03,0.28,0.55,0.68,0.21,0.61,0.51,0.05,0.16,0.01,0.05,0.26,0.20,0.66,0.46,0.74,0.16,0.04,0.29,0.62,0.74,0.94,0.47,0.87,0.05,0.06,0.39,0.06,0.42,0.75,0.55,0.17,0.71,0.82,0.69,0.48,0.38,0.54,0.02,0.28,0.66,0.44,0.63,0.60,0.45,0.14,0.24,0.91,0.00,0.31,0.43,0.83,0.25,0.80,0.92,0.84,0.06,0.52,0.78,0.49,0.81,0.09,0.50,0.75,0.48,0.38,0.43,0.27,0.28,0.73,0.30,0.55,0.62,0.42,0.69,0.06,0.93,0.12,0.36
0.15,0.07,0.56,0.16,0.15,0.22,0.32,0.38,0.43,0.37,0.55,0.62,0.11,0.55,0.02,0.46,0.26,0.06,0.12,0.17,0.39,0.34,0.03,0.24,0.37,0.09,0.31,0.20,0.35,0.15,0.32,0.26,0.04,0.11,0.36,0.16,0.44,0.15,0.27,0.02,0.32,0.43,0.63,0.16,0.56,0.25,0.24,0.08,0.25,0.11,0.44,0.24,0.13,0.40,0.52,0.39,0.17,0.07,0.23,0.33,0.03,0.36,0.13,0.32,0.29,0.14,0.17,0.07,0.60,0.31,0.00,0.12,0.52,0.06,0.50,0.61,0.54,0.37,0.21,0.47,0.18,0.50,0.22,0.19,0.44,0.18,0.08,0.13,0.04,0.03,0.43,0.01,0.25,0.31,0.11,0.38,0.37,0.62,0.19,0.05
0.02,0.20,0.44,0.28,0.03,0.09,0.19,0.26,0.31,0.49,0.42,0.50,0.02,0.42,0.11,0.33,0.14,0.06,0.00,0.05,0.26,0.47,0.15,0.12,0.24,0.22,0.18,0.08,0.48,0.27,0.45,0.38,0.17,0.23,0.23,0.03,0.31,0.27,0.39,0.14,0.19,0.31,0.51,0.04,0.44,0.38,0.37,0.04,0.37,0.01,0.32,0.11,0.26,0.28,0.39,0.26,0.05,0.05,0.11,0.45,0.16,0.23,0.00,0.20,0.17,0.02,0.29,0.20,0.48,0.43,0.12,0.00,0.40,0.19,0.37,0.49,0.41,0.49,0.09,0.35,0.05,0.38,0.34,0.07,0.32,0.05,0.05,0.00,0.16,0.15,0.30,0.13,0.12,0.19,0.01,0.25,0.49,0.50,0.32,0.07
0.38,0.60,0.04,0.69,0.37,0.31,0.21,0.14,0.09,0.89,0.02,0.10,0.42,0.02,0.51,0.07,0.26,0.46,0.40,0.35,0.14,0.87,0.55,0.28,0.16,0.62,0.22,0.33,0.88,0.67,0.85,0.78,0.57,0.64,0.17,0.37,0.09,0.67,0.79,0.54,0.21,0.09,0.11,0.36,0.04,0.78,0.77,0.44,0.77,0.41,0.08,0.29,0.66,0.12,0.01,0.14,0.35,0.45,0.29,0.85,0.56,0.17,0.40,0.21,0.23,0.38,0.69,0.60,0.08,0.83,0.52,0.40,0.00,0.59,0.03,0.09,0.01,0.89,0.31,0.06,0.35,0.02,0.74,0.34,0.08,0.35,0.45,0.40,0.56,0.56,0.10,0.53,0.28,0.21,0.41,0.15,0.89,0.10,0.72,0.47
0.21,0.01,0.62,0.10,0.21,0.28,0.38,0.44,0.49,0.31,0.61,0.68,0.17,0.61,0.08,0.52,0.32,0.12,0.18,0.23,0.45,0.28,0.03,0.30,0.43,0.03,0.37,0.26,0.29,0.09,0.26,0.20,0.02,0.05,0.42,0.22,0.50,0.09,0.21,0.04,0.38,0.49,0.69,0.23,0.63,0.19,0.18,0.14,0.19,0.18,0.51,0.30,0.07,0.46,0.58,0.45,0.23,0.13,0.29,0.27,0.03,0.42,0.19,0.38,0.36,0.20,0.11,0.01,0.66,0.25,0.06,0.19,0.59,0.00,0.56,0.67,0.60,0.31,0.28,0.53,0.24,0.56,0.16,0.25,0.50,0.24,0.14,0.19,0.02,0.03,0.49,0.06,0.31,0.38,0.18,0.44,0.31,0.69,0.13,0.11
0.35,0.57,0.07,0.66,0.34,0.28,0.18,0.11,0.06,0.86,0.05,0.12,0.39,0.05,0.48,0.04,0.23,0.44,0.38,0.32,0.11,0.84,0.52,0.26,0.13,0.59,0.19,0.30,0.85,0.64,0.82,0.75,0.54,0.61,0.14,0.34,0.06,0.65,0.76,0.52,0.18,0.07,0.14,0.33,0.07,0.75,0.74,0.41,0.75,0.38,0.05,0.26,0.63,0.10,0.02,0.11,0.32,0.43,0.26,0.83,0.53,0.14,0.37,0.18,0.20,0.35,0.66,0.57,0.10,0.80,0.50,0.37,0.03,0.56,0.00,0.11,0.04,0.86,0.28,0.03,0.32,0.01,0.71,0.31,0.05,0.32,0.42,0.37,0.54,0.53,0.07,0.50,0.25,0.18,0.38,0.12,0.86,0.13,0.69,0.44
0.47,0.69,0.05,0.77,0.46,0.40,0.29,0.23,0.18,0.98,0.06,0.01,0.50,0.06,0.59,0.16,0.35,0.55,0.49,0.44,0.23,0.95,0.64,0.37,0.24,0.70,0.30,0.41,0.96,0.76,0.93,0.87,0.65,0.72,0.25,0.45,0.18,0.76,0.88,0.63,0.30,0.18,0.02,0.45,0.05,0.87,0.86,0.53,0.86,0.50,0.17,0.37,0.74,0.21,0.09,0.23,0.44,0.54,0.38,0.94,0.64,0.26,0.48,0.29,0.32,0.47,0.78,0.68,0.01,0.92,0.61,0.49,0.09,0.67,0.11,0.00,0.08,0.98,0.40,0.14,0.43,0.11,0.83,0.42,0.17,0.43,0.53,0.49,0.65,0.64,0.19,0.62,0.37,0.30,0.50,0.23,0.98,0.01,0.80,0.56
0.39,0.61,0.03,0.70,0.38,0.32,0.22,0.15,0.10,0.90,0.01,0.09,0.43,0.01,0.52,0.08,0.27,0.48,0.42,0.36,0.15,0.88,0.56,0.29,0.17,0.63,0.23,0.34,0.89,0.68,0.86,0.79,0.58,0.65,0.18,0.38,0.10,0.69,0.80,0.56,0.22,0.11,0.10,0.37,0.03,0.79,0.78,0.45,0.79,0.42,0.09,0.30,0.67,0.14,0.02,0.15,0.36,0.47,0.30,0.86,0.57,0.18,0.41,0.22,0.24,0.39,0.70,0.61,0.07,0.84,0.54,0.41,0.01,0.60,0.04,0.08,0.00,0.90,0.32,0.07,0.36,0.03,0.75,0.35,0.09,0.36,0.46,0.41,0.58,0.57,0.11,0.54,0.29,0.22,0.42,0.16,0.90,0.09,0.73,0.48
0.51,0.29,0.93,0.21,0.52,0.58,0.68,0.75,0.80,0.00,0.92,0.99,0.47,0.92,0.38,0.82,0.63,0.43,0.49,0.54,0.75,0.03,0.34,0.61,0.74,0.28,0.68,0.57,0.01,0.22,0.05,0.11,0.33,0.26,0.73,0.52,0.80,0.22,0.10,0.35,0.68,0.80,1.00,0.53,0.93,0.11,0.12,0.45,0.12,0.48,0.81,0.61,0.23,0.77,0.89,0.75,0.54,0.44,0.60,0.04,0.34,0.72,0.50,0.69,0.66,0.51,0.20,0.30,0.97,0.06,0.37,0.49,0.89,0.31,0.86,0.98,0.90,0.00,0.58,0.84,0.55,0.87,0.15,0.56,0.81,0.55,0.45,0.49,0.33,0.34,0.79,0.36,0.61,0.68,0.48,0.75,0.00,0.99,0.18,0.42
0.07,0.29,0.35,0.37,0.06,0.00,0.10,0.17,0.22,0.58,0.34,0.41,0.11,0.33,0.20,0.24,0.05,0.15,0.09,0.04,0.17,0.56,0.24,0.03,0.16,0.31,0.09,0.01,0.57,0.36,0.54,0.47,0.26,0.32,0.14,0.06,0.22,0.36,0.48,0.23,0.10,0.22,0.42,0.05,0.35,0.47,0.46,0.13,0.46,0.10,0.23,0.03,0.35,0.19,0.30,0.17,0.04,0.14,0.02,0.54,0.25,0.14,0.08,0.11,0.08,0.07,0.38,0.29,0.39,0.52,0.21,0.09,0.31,0.28,0.28,0.40,0.32,0.58,0.00,0.26,0.04,0.29,0.43,0.02,0.23,0.04,0.14,0.09,0.25,0.24,0.21,0.22,0.03,0.10,0.10,0.16,0.58,0.41,0.41,0.16
0.32,0.54,0.09,0.63,0.32,0.25,0.15,0.09,0.04,0.84,0.08,0.15,0.36,0.08,0.45,0.01,0.21,0.41,0.35,0.30,0.08,0.81,0.50,0.23,0.10,0.56,0.16,0.27,0.82,0.62,0.79,0.73,0.51,0.58,0.11,0.31,0.03,0.62,0.74,0.49,0.15,0.04,0.16,0.31,0.09,0.72,0.71,0.39,0.72,0.36,0.02,0.23,0.60,0.07,0.05,0.08,0.30,0.40,0.24,0.80,0.50,0.11,0.34,0.15,0.18,0.33,0.64,0.54,0.13,0.78,0.47,0.35,0.06,0.53,0.03,0.14,0.07,0.84,0.26,0.00,0.29,0.03,0.69,0.28,0.03,0.29,0.39,0.34,0.51,0.50,0.04,0.47,0.22,0.16,0.36,0.09,0.84,0.15,0.66,0.42
0.03,0.25,0.38,0.34,0.03,0.04,0.14,0.20,0.26,0.55,0.37,0.44,0.07,0.37,0.16,0.28,0.08,0.12,0.06,0.01,0.21,0.52,0.21,0.06,0.19,0.27,0.13,0.02,0.53,0.32,0.50,0.43,0.22,0.29,0.18,0.02,0.26,0.33,0.45,0.20,0.14,0.25,0.45,0.01,0.39,0.43,0.42,0.10,0.43,0.06,0.27,0.06,0.31,0.22,0.34,0.21,0.01,0.11,0.05,0.51,0.21,0.18,0.05,0.14,0.12,0.04,0.35,0.25,0.42,0.49,0.18,0.05,0.35,0.24,0.32,0.43,0.36,0.55,0.04,0.29,0.00,0.32,0.40,0.01,0.26,0.00,0.10,0.05,0.22,0.21,0.25,0.18,0.07,0.14,0.06,0.20,0.55,0.45,0.37,0.13
0.36,0.58,0.06,0.66,0.35,0.29,0.19,0.12,0.07,0.87,0.05,0.12,0.40,0.05,0.49,0.05,0.24,0.44,0.38,0.33,0.12,0.85,0.53,0.26,0.13,0.60,0.20,0.30,0.86,0.65,0.82,0.76,0.55,0.61,0.15,0.35,0.07,0.65,0.77,0.52,0.19,0.07,0.13,0.34,0.06,0.76,0.75,0.42,0.75,0.39,0.06,0.26,0.64,0.10,0.01,0.12,0.33,0.43,0.27,0.83,0.53,0.15,0.37,0.18,0.21,0.36,0.67,0.57,0.10,0.81,0.50,0.38,0.02,0.56,0.01,0.11,0.03,0.87,0.29,0.03,0.32,0.00,0.72,0.31,0.06,0.33,0.43,0.38,0.54,0.53,0.08,0.51,0.26,0.19,0.39,0.12,0.87,0.12,0.70,0.45
0.36,0.14,0.78,0.06,0.37,0.43,0.53,0.60,0.65,0.15,0.77,0.84,0.32,0.77,0.23,0.67,0.48,0.28,0.34,0.39,0.60,0.12,0.19,0.46,0.59,0.13,0.53,0.42,0.14,0.07,0.10,0.04,0.18,0.11,0.58,0.37,0.65,0.07,0.05,0.20,0.53,0.65,0.85,0.38,0.78,0.04,0.03,0.30,0.03,0.33,0.66,0.46,0.08,0.62,0.73,0.60,0.39,0.29,0.45,0.11,0.19,0.57,0.35,0.54,0.51,0.36,0.05,0.15,0.82,0.09,0.22,0.34,0.74,0.16,0.71,0.83,0.75,0.15,0.43,0.69,0.40,0.72,0.00,0.41,0.66,0.40,0.30,0.34,0.18,0.19,0.64,0.21,0.46,0.53,0.33,0.60,0.15,0.84,0.03,0.27
0.04,0.26,0.37,0.35,0.04,0.03,0.13,0.19,0.24,0.56,0.36,0.43,0.08,0.36,0.17,0.27,0.07,0.13,0.07,0.02,0.20,0.53,0.22,0.05,0.18,0.28,0.12,0.01,0.54,0.34,0.51,0.45,0.23,0.30,0.17,0.03,0.25,0.34,0.46,0.21,0.13,0.24,0.44,0.03,0.37,0.44,0.43,0.11,0.44,0.08,0.25,0.05,0.32,0.21,0.33,0.20,0.02,0.12,0.04,0.52,0.22,0.17,0.06,0.13,0.10,0.05,0.36,0.26,0.41,0.50,0.19,0.07,0.34,0.25,0.31,0.42,0.35,0.56,0.02,0.28,0.01,0.31,0.41,0.00,0.25,0.01,0.11,0.06,0.23,0.22,0.24,0.19,0.06,0.12,0.08,0.19,0.56,0.43,0.38,0.14
0.30,0.52,0.12,0.60,0.29,0.23,0.13,0.06,0.01,0.81,0.11,0.18,0.34,0.11,0.43,0.01,0.18,0.38,0.32,0.27,0.06,0.79,0.47,0.20,0.07,0.54,0.14,0.24,0.80,0.59,0.76,0.70,0.49,0.55,0.09,0.29,0.01,0.59,0.71,0.46,0.13,0.01,0.19,0.28,0.12,0.70,0.69,0.36,0.69,0.33,0.00,0.20,0.58,0.04,0.07,0.06,0.27,0.37,0.21,0.77,0.47,0.09,0.31,0.12,0.15,0.30,0.61,0.51,0.16,0.75,0.44,0.32,0.08,0.50,0.05,0.17,0.09,0.81,0.23,0.03,0.26,0.06,0.66,0.25,0.00,0.27,0.37,0.32,0.48,0.47,0.02,0.45,0.20,0.13,0.33,0.06,0.81,0.18,0.64,0.39
0.03,0.25,0.39,0.34,0.02,0.04,0.14,0.20,0.26,0.55,0.37,0.44,0.07,0.37,0.16,0.28,0.09,0.12,0.06,0.00,0.21,0.52,0.20,0.06,0.19,0.27,0.13,0.02,0.53,0.32,0.50,0.43,0.22,0.29,0.18,0.02,0.26,0.33,0.45,0.20,0.14,0.25,0.45,0.01,0.39,0.43,0.42,0.09,0.43,0.06,0.27,0.06,0.31,0.22,0.34,0.21,0.01,0.11,0.06,0.51,0.21,0.18,0.05,0.14,0.12,0.04,0.35,0.25,0.42,0.48,0.18,0.05,0.35,0.24,0.32,0.43,0.36,0.55,0.04,0.29,0.00,0.33,0.40,0.01,0.27,0.00,0.10,0.05,0.22,0.21,0.25,0.18,0.07,0.14,0.06,0.20,0.54,0.45,0.37,0.12
0.07,0.15,0.49,0.24,0.08,0.14,0.24,0.30,0.36,0.45,0.47,0.54,0.03,0.47,0.06,0.38,0.19,0.02,0.04,0.10,0.31,0.42,0.10,0.16,0.29,0.17,0.23,0.12,0.43,0.22,0.40,0.33,0.12,0.19,0.28,0.08,0.36,0.23,0.35,0.10,0.24,0.35,0.55,0.09,0.49,0.33,0.32,0.01,0.33,0.04,0.37,0.16,0.21,0.32,0.44,0.31,0.09,0.01,0.16,0.41,0.11,0.28,0.05,0.24,0.22,0.06,0.25,0.15,0.52,0.38,0.08,0.05,0.45,0.14,0.42,0.53,0.46,0.45,0.14,0.39,0.10,0.43,0.30,0.11,0.37,0.10,0.00,0.05,0.12,0.11,0.35,0.08,0.17,0.24,0.04,0.30,0.45,0.55,0.27,0.02
0.02,0.20,0.44,0.29,0.03,0.09,0.19,0.26,0.31,0.49,0.42,0.50,0.02,0.42,0.11,0.33,0.14,0.07,0.01,0.05,0.26,0.47,0.15,0.12,0.24,0.22,0.18,0.07,0.48,0.27,0.45,0.38,0.17,0.24,0.23,0.03,0.31,0.28,0.39,0.15,0.19,0.30,0.51,0.04,0.44,0.38,0.37,0.04,0.38,0.01,0.32,0.11,0.26,0.27,0.39,0.26,0.05,0.06,0.11,0.46,0.16,0.23,0.00,0.19,0.17,0.02,0.29,0.20,0.48,0.43,0.13,0.00,0.40,0.19,0.37,0.49,0.41,0.49,0.09,0.34,0.05,0.38,0.34,0.06,0.32,0.05,0.05,0.00,0.17,0.16,0.30,0.13,0.12,0.19,0.01,0.25,0.49,0.50,0.32,0.07
0.18,0.04,0.60,0.12,0.19,0.25,0.36,0.42,0.47,0.33,0.59,0.66,0.15,0.59,0.06,0.49,0.30,0.10,0.16,0.21,0.42,0.30,0.01,0.28,0.41,0.05,0.35,0.24,0.31,0.11,0.28,0.22,0.00,0.07,0.40,0.20,0.48,0.11,0.23,0.02,0.35,0.47,0.67,0.20,0.60,0.21,0.20,0.12,0.21,0.15,0.48,0.28,0.09,0.44,0.56,0.43,0.21,0.11,0.27,0.29,0.01,0.39,0.17,0.36,0.33,0.18,0.13,0.03,0.64,0.27,0.04,0.16,0.56,0.02,0.54,0.65,0.58,0.33,0.25,0.51,0.22,0.54,0.18,0.23,0.48,0.22,0.12,0.17,0.00,0.01,0.46,0.03,0.28,0.35,0.15,0.42,0.33,0.66,0.15,0.09
0.18,0.04,0.59,0.13,0.18,0.25,0.35,0.41,0.46,0.34,0.58,0.65,0.14,0.58,0.05,0.49,0.29,0.09,0.15,0.20,0.42,0.31,0.00,0.27,0.40,0.06,0.34,0.23,0.32,0.12,0.29,0.23,0.01,0.08,0.39,0.19,0.47,0.12,0.24,0.01,0.35,0.46,0.66,0.19,0.59,0.22,0.21,0.11,0.22,0.14,0.48,0.27,0.10,0.43,0.55,0.42,0.20,0.10,0.26,0.30,0.00,0.39,0.16,0.35,0.32,0.17,0.14,0.04,0.63,0.28,0.03,0.15,0.56,0.03,0.53,0.64,0.57,0.34,0.24,0.50,0.21,0.53,0.19,0.22,0.47,0.21,0.11,0.16,0.01,0.00,0.46,0.03,0.28,0.35,0.14,0.41,0.34,0.65,0.16,0.08
0.28,0.50,0.14,0.59,0.27,0.21,0.11,0.04,0.01,0.79,0.12,0.20,0.32,0.12,0.41,0.03,0.16,0.36,0.31,0.25,0.04,0.77,0.45,0.18,0.06,0.52,0.12,0.23,0.78,0.57,0.75,0.68,0.47,0.54,0.07,0.27,0.01,0.58,0.69,0.44,0.11,0.01,0.21,0.26,0.14,0.68,0.67,0.34,0.67,0.31,0.02,0.19,0.56,0.02,0.09,0.04,0.25,0.36,0.19,0.75,0.46,0.07,0.30,0.11,0.13,0.28,0.59,0.50,0.18,0.73,0.43,0.30,0.10,0.49,0.07,0.19,0.11,0.79,0.21,0.04,0.25,0.08,0.64,0.24,0.02,0.25,0.35,0.30,0.46,0.46,0.00,0.43,0.18,0.11,0.31,0.05,0.79,0.20,0.62,0.37
0.15,0.07,0.57,0.16,0.16,0.22,0.32,0.39,0.44,0.36,0.55,0.63,0.11,0.55,0.02,0.46,0.27,0.07,0.12,0.18,0.39,0.34,0.02,0.25,0.37,0.09,0.31,0.20,0.35,0.14,0.32,0.25,0.04,0.11,0.36,0.16,0.44,0.15,0.26,0.01,0.32,0.44,0.64,0.17,0.57,0.25,0.24,0.09,0.24,0.12,0.45,0.24,0.13,0.41,0.52,0.39,0.18,0.08,0.24,0.32,0.03,0.36,0.13,0.32,0.30,0.15,0.16,0.07,0.61,0.30,0.01,0.13,0.53,0.06,0.50,0.62,0.54,0.36,0.22,0.47,0.18,0.51,0.21,0.19,0.45,0.18,0.08,0.13,0.03,0.03,0.43,0.00,0.25,0.32,0.12,0.38,0.36,0.63,0.19,0.06
0.10,0.32,0.32,0.41,0.09,0.03,0.07,0.14,0.19,0.61,0.30,0.38,0.14,0.30,0.23,0.21,0.02,0.18,0.13,0.07,0.14,0.59,0.27,0.00,0.12,0.34,0.06,0.05,0.60,0.39,0.57,0.50,0.29,0.36,0.11,0.09,0.19,0.40,0.51,0.26,0.07,0.19,0.39,0.08,0.32,0.50,0.49,0.16,0.49,0.13,0.20,0.01,0.38,0.16,0.27,0.14,0.07,0.18,0.01,0.57,0.28,0.11,0.12,0.07,0.05,0.10,0.41,0.32,0.36,0.55,0.25,0.12,0.28,0.31,0.25,0.37,0.29,0.61,0.03,0.22,0.07,0.26,0.46,0.06,0.20,0.07,0.17,0.12,0.28,0.28,0.18,0.25,0.00,0.07,0.13,0.13,0.61,0.38,0.44,0.19
0.17,0.39,0.25,0.48,0.16,0.10,0.00,0.07,0.12,0.68,0.23,0.31,0.21,0.23,0.30,0.14,0.05,0.25,0.19,0.14,0.07,0.66,0.34,0.07,0.05,0.41,0.01,0.12,0.67,0.46,0.64,0.57,0.36,0.43,0.04,0.16,0.12,0.46,0.58,0.33,0.00,0.12,0.32,0.15,0.25,0.57,0.56,0.23,0.56,0.20,0.13,0.08,0.45,0.09,0.20,0.07,0.14,0.24,0.08,0.64,0.35,0.04,0.19,0.01,0.02,0.17,0.48,0.39,0.29,0.62,0.31,0.19,0.21,0.38,0.18,0.30,0.22,0.68,0.10,0.16,0.14,0.19,0.53,0.12,0.13,0.14,0.24,0.19,0.35,0.35,0.11,0.32,0.07,0.00,0.20,0.06,0.68,0.31,0.51,0.26
0.03,0.19,0.45,0.27,0.04,0.10,0.20,0.27,0.32,0.48,0.43,0.51,0.01,0.43,0.10,0.34,0.15,0.05,0.01,0.06,0.27,0.46,0.14,0.13,0.25,0.21,0.19,0.09,0.47,0.26,0.44,0.37,0.16,0.22,0.24,0.04,0.32,0.26,0.38,0.13,0.20,0.32,0.52,0.05,0.45,0.37,0.36,0.03,0.36,0.00,0.33,0.12,0.25,0.29,0.40,0.27,0.06,0.04,0.12,0.44,0.15,0.24,0.01,0.21,0.18,0.03,0.28,0.19,0.49,0.42,0.11,0.01,0.41,0.18,0.38,0.50,0.42,0.48,0.10,0.36,0.06,0.39,0.33,0.08,0.33,0.06,0.04,0.01,0.15,0.14,0.31,0.12,0.13,0.20,0.00,0.26,0.48,0.51,0.31,0.06
0.23,0.45,0.18,0.54,0.23,0.16,0.06,0.00,0.05,0.75,0.17,0.24,0.27,0.17,0.36,0.08,0.12,0.32,0.26,0.21,0.01,0.72,0.41,0.14,0.01,0.47,0.07,0.18,0.73,0.53,0.70,0.64,0.42,0.49,0.02,0.22,0.06,0.53,0.65,0.40,0.06,0.05,0.25,0.21,0.18,0.63,0.62,0.30,0.63,0.26,0.07,0.14,0.51,0.02,0.14,0.01,0.21,0.31,0.15,0.71,0.41,0.02,0.25,0.06,0.08,0.24,0.55,0.45,0.22,0.69,0.38,0.25,0.15,0.44,0.12,0.23,0.16,0.75,0.16,0.09,0.20,0.12,0.60,0.19,0.06,0.20,0.30,0.25,0.42,0.41,0.05,0.38,0.13,0.06,0.26,0.00,0.75,0.25,0.57,0.33
0.51,0.29,0.93,0.21,0.52,0.58,0.68,0.75,0.80,0.00,0.92,0.99,0.47,0.92,0.38,0.82,0.63,0.43,0.49,0.54,0.75,0.03,0.34,0.61,0.74,0.27,0.67,0.57,0.01,0.22,0.05,0.11,0.33,0.26,0.73,0.52,0.80,0.22,0.10,0.35,0.68,0.80,1.00,0.53,0.93,0.11,0.12,0.45,0.12,0.48,0.81,0.61,0.23,0.77,0.88,0.75,0.54,0.44,0.60,0.04,0.34,0.72,0.50,0.69,0.66,0.51,0.20,0.30,0.97,0.06,0.37,0.49,0.89,0.31,0.86,0.98,0.90,0.00,0.58,0.84,0.55,0.87,0.15,0.56,0.81,0.54,0.45,0.49,0.33,0.34,0.79,0.36,0.61,0.68,0.48,0.75,0.00,0.99,0.18,0.42
0.48,0.70,0.06,0.78,0.47,0.41,0.31,0.24,0.19,0.99,0.08,0.00,0.52,0.08,0.61,0.17,0.36,0.56,0.50,0.45,0.24,0.97,0.65,0.38,0.25,0.72,0.32,0.42,0.98,0.77,0.95,0.88,0.67,0.73,0.27,0.47,0.19,0.77,0.89,0.64,0.31,0.19,0.01,0.46,0.06,0.88,0.87,0.54,0.87,0.51,0.18,0.39,0.76,0.22,0.11,0.24,0.45,0.55,0.39,0.95,0.66,0.27,0.49,0.30,0.33,0.48,0.79,0.70,0.02,0.93,0.62,0.50,0.10,0.69,0.13,0.01,0.09,0.99,0.41,0.15,0.45,0.12,0.84,0.43,0.18,0.45,0.55,0.50,0.66,0.65,0.20,0.63,0.38,0.31,0.51,0.25,0.99,0.00,0.82,0.57
0.34,0.12,0.76,0.03,0.35,0.41,0.51,0.57,0.63,0.18,0.74,0.81,0.30,0.74,0.21,0.65,0.46,0.25,0.31,0.36,0.58,0.15,0.17,0.43,0.56,0.10,0.50,0.39,0.16,0.05,0.13,0.06,0.15,0.08,0.55,0.35,0.63,0.04,0.08,0.17,0.51,0.62,0.82,0.36,0.76,0.06,0.05,0.28,0.06,0.31,0.64,0.43,0.06,0.59,0.71,0.58,0.36,0.26,0.43,0.14,0.16,0.55,0.32,0.51,0.49,0.33,0.02,0.12,0.79,0.12,0.19,0.32,0.72,0.13,0.69,0.80,0.73,0.18,0.41,0.66,0.37,0.70,0.03,0.38,0.64,0.37,0.27,0.32,0.15,0.16,0.62,0.19,0.44,0.51,0.31,0.57,0.18,0.82,0.00,0.25
0.09,0.13,0.51,0.21,0.10,0.16,0.26,0.33,0.38,0.42,0.50,0.57,0.05,0.50,0.04,0.40,0.21,0.01,0.07,0.12,0.33,0.40,0.08,0.19,0.32,0.15,0.25,0.15,0.41,0.20,0.37,0.31,0.10,0.16,0.30,0.10,0.38,0.20,0.32,0.07,0.26,0.38,0.58,0.11,0.51,0.31,0.30,0.03,0.30,0.06,0.39,0.19,0.19,0.35,0.46,0.33,0.12,0.02,0.18,0.38,0.08,0.30,0.08,0.27,0.24,0.09,0.22,0.12,0.55,0.36,0.05,0.07,0.47,0.11,0.44,0.56,0.48,0.42,0.16,0.42,0.13,0.45,0.27,0.14,0.39,0.12,0.02,0.07,0.09,0.08,0.37,0.06,0.19,0.26,0.06,0.33,0.42,0.57,0.25,0.00
