0.00,11.68,18.37,10.83,69.94,65.70,52.78,51.80,42.15,78.16,65.74,25.55,0.80,10.56,47.02,61.20,28.01,86.49,59.79,10.13,23.83,63.57,29.60,28.63,15.83,35.01,0.25,80.74,60.71,35.70,34.64,36.17,71.32,65.17,8.98,1.93,75.89,87.50,2.14,14.06,35.08,84.16,43.01,14.05,62.64,47.99,82.29,55.51,72.02,81.78,38.15,15.33,43.98,50.05,35.92,82.29,26.36,82.20,64.22,3.11,9.52,56.07,66.82,58.50,8.08,58.13,75.13,70.37,34.31,7.76,70.05,11.49,29.11,51.40,79.75,60.10,5.16,33.36,39.18,80.93,8.69,76.06,74.66,65.43,9.77,34.60,3.69,12.55,36.04,9.74,43.40,29.18,24.35,78.37,33.71,40.72,58.92,7.81,16.95,30.12
11.68,0.00,6.70,0.85,58.26,54.02,41.10,40.12,30.47,66.49,54.06,13.87,10.88,1.12,35.34,49.52,16.33,74.81,48.11,1.55,12.15,51.89,17.92,16.96,4.15,23.33,11.43,69.06,49.03,24.02,22.96,24.49,59.64,53.49,2.70,13.61,64.21,75.82,13.82,2.38,23.40,72.48,31.33,2.37,50.96,36.31,70.61,43.83,60.34,70.10,26.47,3.65,32.30,38.37,24.24,70.61,14.68,70.53,52.54,14.79,2.16,44.39,55.14,46.82,19.76,46.45,63.45,58.69,22.63,3.92,58.37,0.19,17.43,39.72,68.07,48.42,16.84,21.68,27.50,69.25,20.36,64.39,62.98,53.75,1.91,22.92,15.37,0.87,24.36,1.93,31.72,17.50,12.67,66.69,22.03,29.04,47.24,19.49,5.27,18.44
18.37,6.70,0.00,7.54,51.56,47.33,34.41,33.42,23.77,59.79,47.36,7.17,17.58,7.82,28.64,42.83,9.63,68.12,41.42,8.25,5.45,45.19,11.22,10.26,2.55,16.64,18.13,62.37,42.34,17.33,16.26,17.80,52.94,46.80,9.39,20.31,57.51,69.12,20.52,4.32,16.71,65.78,24.63,4.33,44.27,29.61,63.92,37.14,53.64,63.40,19.77,3.04,25.61,31.68,17.54,63.92,7.99,63.83,45.84,21.48,8.85,37.69,48.44,40.12,26.46,39.76,56.76,52.00,15.94,10.61,51.67,6.88,10.73,33.02,61.37,41.73,23.53,14.98,20.81,62.55,27.06,57.69,56.28,47.05,8.60,16.22,22.07,5.82,17.67,8.63,25.02,10.80,5.97,59.99,15.33,22.34,40.54,26.18,1.43,11.75
10.83,0.85,7.54,0.00,59.10,54.87,41.95,40.96,31.31,67.33,54.90,14.71,10.04,0.28,36.18,50.37,17.17,75.66,48.96,0.71,12.99,52.73,18.76,17.80,4.99,24.18,10.58,69.91,49.88,24.87,23.80,25.34,60.48,54.34,1.85,12.77,65.05,76.66,12.98,3.23,24.25,73.33,32.18,3.21,51.81,37.15,71.46,44.68,61.18,70.94,27.31,4.50,33.15,39.22,25.08,71.46,15.53,71.37,53.38,13.94,1.31,45.24,55.98,47.66,18.92,47.30,64.30,59.54,23.48,3.07,59.21,0.66,18.27,40.56,68.91,49.27,15.99,22.53,28.35,70.10,19.52,65.23,63.83,54.59,1.06,23.76,14.52,1.72,25.21,1.09,32.57,18.34,13.51,67.53,22.87,29.88,48.08,18.64,6.12,19.29
69.94,58.26,51.56,59.10,0.00,4.23,17.15,18.14,27.79,8.23,4.20,44.39,69.14,59.38,22.92,8.73,41.93,16.56,10.14,59.81,46.11,6.37,40.34,41.30,54.11,34.92,69.69,10.80,9.22,34.24,35.30,33.76,1.38,4.76,60.95,71.87,5.95,17.56,72.08,55.88,34.85,14.22,26.93,55.89,7.29,21.95,12.36,14.42,2.08,11.84,31.79,54.60,25.95,19.89,34.02,12.36,43.57,12.27,5.72,73.04,60.41,13.87,3.12,11.44,78.02,11.80,5.20,0.44,35.62,62.18,0.11,58.44,40.83,18.54,9.81,9.83,75.10,36.58,30.75,10.99,78.62,6.13,4.72,4.51,60.16,35.34,73.63,57.38,33.89,60.19,26.54,40.76,45.59,8.43,36.23,29.22,11.02,77.74,52.99,39.81
65.70,54.02,47.33,54.87,4.23,0.00,12.92,13.91,23.56,12.46,0.03,40.16,64.91,55.15,18.69,4.50,37.70,20.79,5.91,55.58,41.88,2.14,36.11,37.07,49.88,30.69,65.45,15.04,4.99,30.00,31.07,29.53,5.61,0.53,56.72,67.64,10.18,21.79,67.85,51.64,30.62,18.45,22.69,51.66,3.06,17.72,16.59,10.19,6.31,16.07,27.56,50.37,21.72,15.65,29.79,16.59,39.34,16.50,1.49,68.81,56.18,9.63,1.11,7.21,73.79,7.57,9.43,4.67,31.39,57.94,4.34,54.21,36.60,14.31,14.04,5.60,70.86,32.34,26.52,15.23,74.39,10.36,8.96,0.28,55.93,31.11,69.39,53.15,29.66,55.96,22.30,36.53,41.36,12.66,32.00,24.99,6.79,73.51,48.76,35.58
52.78,41.10,34.41,41.95,17.15,12.92,0.00,0.99,10.64,25.38,12.95,27.24,51.99,42.23,5.77,8.42,24.78,33.71,7.01,42.66,28.96,10.78,23.19,24.15,36.96,17.77,52.53,27.96,7.93,17.08,18.15,16.61,18.53,12.39,43.80,54.72,23.10,34.71,54.93,38.72,17.70,31.37,9.77,38.74,9.86,4.80,29.51,2.73,19.23,28.99,14.64,37.45,8.80,2.73,16.87,29.51,26.42,29.42,11.43,55.89,43.26,3.29,14.03,5.71,60.87,5.35,22.35,17.59,18.47,45.02,17.26,41.29,23.68,1.39,26.96,7.32,57.94,19.42,13.60,28.15,61.47,23.28,21.88,12.64,43.01,18.19,56.47,40.23,16.74,43.04,9.38,23.61,28.44,25.58,19.08,12.07,6.13,60.59,35.84,22.66
51.80,40.12,33.42,40.96,18.14,13.91,0.99,0.00,9.65,26.37,13.94,26.25,51.00,41.24,4.78,9.41,23.79,34.70,8.00,41.67,27.97,11.77,22.20,23.16,35.97,16.78,51.55,28.94,8.92,16.10,17.16,15.63,19.52,13.37,42.81,53.73,24.09,35.70,53.94,37.74,16.71,32.36,8.79,37.75,10.85,3.81,30.50,3.72,20.22,29.98,13.65,36.47,7.81,1.75,15.88,30.50,25.43,30.41,12.42,54.91,42.27,4.27,15.02,6.70,59.88,6.34,23.33,18.58,17.48,44.04,18.25,40.31,22.69,0.40,27.95,8.31,56.96,18.44,12.62,29.13,60.48,24.27,22.86,13.63,42.02,17.20,55.49,39.25,15.76,42.05,8.40,22.62,27.45,26.57,18.09,11.08,7.12,59.60,34.85,21.67
42.15,30.47,23.77,31.31,27.79,23.56,10.64,9.65,0.00,36.02,23.59,16.60,41.35,31.59,4.87,19.06,14.14,44.35,17.65,32.02,18.32,21.42,12.55,13.51,26.32,7.13,41.90,38.59,18.57,6.45,7.51,5.97,29.17,23.03,33.16,44.08,33.74,45.35,44.29,28.09,7.06,42.01,0.86,28.10,20.50,5.84,40.15,13.37,29.87,39.63,4.00,26.81,1.84,7.91,6.23,40.15,15.78,40.06,22.07,45.25,32.62,13.92,24.67,16.35,50.23,15.99,32.99,28.23,7.83,34.38,27.90,30.65,13.04,9.25,37.60,17.96,47.31,8.79,2.96,38.78,50.83,33.92,32.51,23.28,32.37,7.55,45.84,29.59,6.10,32.40,1.25,12.97,17.80,36.22,8.44,1.43,16.77,49.95,25.20,12.02
78.16,66.49,59.79,67.33,8.23,12.46,25.38,26.37,36.02,0.00,12.43,52.62,77.37,67.61,31.15,16.96,50.16,8.33,18.37,68.04,54.34,14.60,48.57,49.53,62.34,43.15,77.91,2.58,17.45,42.46,43.53,41.99,6.85,12.99,69.18,80.10,2.28,9.33,80.31,64.11,43.08,5.99,35.16,64.12,15.52,30.18,4.13,22.65,6.15,3.61,40.02,62.83,34.18,28.11,42.25,4.13,51.80,4.04,13.95,81.27,68.64,22.10,11.35,19.67,86.25,20.03,3.03,7.79,43.85,70.40,8.12,66.67,49.06,26.77,1.58,18.06,83.32,44.80,38.98,2.77,86.85,2.10,3.50,12.74,68.39,43.57,81.86,65.61,42.12,68.42,34.76,48.99,53.82,0.20,44.46,37.45,19.25,85.97,61.22,48.04
65.74,54.06,47.36,54.90,4.20,0.03,12.95,13.94,23.59,12.43,0.00,40.19,64.94,55.18,18.72,4.53,37.73,20.76,5.94,55.61,41.91,2.17,36.14,37.10,49.91,30.73,65.49,15.00,5.03,30.04,31.10,29.57,5.58,0.57,56.75,67.67,10.15,21.76,67.88,51.68,30.65,18.42,22.73,51.69,3.10,17.75,16.55,10.22,6.28,16.04,27.59,50.41,21.75,15.69,29.82,16.55,39.38,16.47,1.52,68.85,56.21,9.67,1.08,7.24,73.82,7.60,9.39,4.63,31.43,57.98,4.31,54.25,36.63,14.34,14.01,5.64,70.90,32.38,26.56,15.19,74.42,10.33,8.92,0.31,55.97,31.14,69.43,53.19,29.70,55.99,22.34,36.56,41.39,12.63,32.03,25.02,6.82,73.54,48.79,35.61
25.55,13.87,7.17,14.71,44.39,40.16,27.24,26.25,16.60,52.62,40.19,0.00,24.75,14.99,21.47,35.66,2.46,60.95,34.25,15.42,1.72,38.02,4.05,3.09,9.72,9.47,25.30,55.19,35.17,10.15,9.09,10.63,45.77,39.63,16.56,27.48,50.34,61.95,27.69,11.49,9.54,58.61,17.46,11.50,37.10,22.44,56.75,29.97,46.47,56.23,12.60,10.21,18.44,24.50,10.37,56.75,0.82,56.66,38.67,28.65,16.02,30.52,41.27,32.95,33.63,32.59,49.59,44.83,8.77,17.79,44.50,14.05,3.56,25.85,54.20,34.56,30.71,7.81,13.64,55.38,34.23,50.52,49.11,39.88,15.77,9.05,29.24,12.99,10.50,15.80,17.85,3.63,1.20,52.82,8.16,15.17,33.37,33.35,8.60,4.58
0.80,10.88,17.58,10.04,69.14,64.91,51.99,51.00,41.35,77.37,64.94,24.75,0.00,9.76,46.22,60.41,27.21,85.70,59.00,9.33,23.03,62.77,28.80,27.84,15.03,34.22,0.55,79.94,59.92,34.90,33.84,35.38,70.52,64.38,8.19,2.73,75.09,86.70,2.94,13.26,34.29,83.36,42.21,13.25,61.85,47.19,81.50,54.72,71.22,80.98,37.35,14.54,43.19,49.25,35.12,81.50,25.57,81.41,63.42,3.90,8.73,55.27,66.02,57.70,8.88,57.34,74.34,69.58,33.52,6.96,69.25,10.70,28.31,50.60,78.95,59.31,5.96,32.56,38.39,80.13,9.48,75.27,73.86,64.63,8.98,33.80,4.49,11.76,35.25,8.95,42.60,28.38,23.55,77.57,32.91,39.92,58.12,8.60,16.15,29.33
10.56,1.12,7.82,0.28,59.38,55.15,42.23,41.24,31.59,67.61,55.18,14.99,9.76,0.00,36.46,50.65,17.45,75.94,49.24,0.43,13.27,53.01,19.04,18.08,5.27,24.45,10.31,70.18,50.16,25.14,24.08,25.61,60.76,54.61,1.57,12.49,65.33,76.94,12.70,3.50,24.53,73.60,32.45,3.49,52.08,37.43,71.73,44.96,61.46,71.22,27.59,4.77,33.43,39.49,25.36,71.74,15.80,71.65,53.66,13.67,1.03,45.51,56.26,47.94,18.64,47.58,64.57,59.81,23.75,2.80,59.49,0.93,18.55,40.84,69.19,49.54,15.72,22.80,28.62,70.37,19.24,65.51,64.10,54.87,0.79,24.04,14.25,1.99,25.48,0.81,32.84,18.62,13.79,67.81,23.15,30.16,48.36,18.36,6.39,19.57
47.02,35.34,28.64,36.18,22.92,18.69,5.77,4.78,4.87,31.15,18.72,21.47,46.22,36.46,0.00,14.19,19.01,39.48,12.78,36.89,23.19,16.55,17.42,18.38,31.19,12.01,46.77,33.72,13.70,11.32,12.38,10.85,24.30,18.15,38.03,48.95,28.87,40.48,49.16,32.96,11.93,37.14,4.01,32.97,15.63,0.97,35.28,8.50,25.00,34.76,8.87,31.69,3.03,3.03,11.10,35.28,20.65,35.19,17.20,50.13,37.49,9.05,19.80,11.48,55.10,11.12,28.11,23.36,12.71,39.26,23.03,35.53,17.91,4.38,32.73,13.08,52.18,13.66,7.84,33.91,55.70,29.05,27.64,18.41,37.24,12.42,50.71,34.47,10.98,37.27,3.62,17.84,22.67,31.35,13.31,6.30,11.90,54.82,30.07,16.89
61.20,49.52,42.83,50.37,8.73,4.50,8.42,9.41,19.06,16.96,4.53,35.66,60.41,50.65,14.19,0.00,33.20,25.29,1.41,51.08,37.38,2.36,31.61,32.57,45.38,26.19,60.95,19.54,0.49,25.50,26.57,25.03,10.11,3.97,52.22,63.14,14.68,26.29,63.35,47.14,26.12,22.95,18.19,47.16,1.44,13.22,21.09,5.69,10.81,20.57,23.06,45.87,17.22,11.15,25.29,21.09,34.84,21.00,3.01,64.31,51.68,5.13,5.61,2.71,69.29,3.07,13.93,9.17,26.89,53.44,8.84,49.71,32.10,9.81,18.54,1.10,66.36,27.84,22.02,19.73,69.89,14.86,13.46,4.22,51.43,26.61,64.90,48.65,25.16,51.46,17.80,32.03,36.86,17.16,27.50,20.49,2.29,69.01,44.26,31.08
28.01,16.33,9.63,17.17,41.93,37.70,24.78,23.79,14.14,50.16,37.73,2.46,27.21,17.45,19.01,33.20,0.00,58.49,31.79,17.88,4.18,35.56,1.59,0.63,12.18,7.00,27.76,52.73,32.70,7.69,6.63,8.16,43.31,37.16,19.02,29.94,47.88,59.49,30.15,13.95,7.07,56.15,15.00,13.96,34.63,19.98,54.28,27.50,44.01,53.77,10.14,12.68,15.98,22.04,7.91,54.28,1.65,54.20,36.21,31.12,18.49,28.06,38.81,30.49,36.09,30.12,47.12,42.36,6.30,20.25,42.04,16.52,1.10,23.39,51.74,32.09,33.17,5.35,11.17,52.92,36.69,48.06,46.65,37.42,18.24,6.59,31.70,15.46,8.03,18.26,15.39,1.17,3.66,50.36,5.70,12.71,30.91,35.81,11.06,2.12
86.49,74.81,68.12,75.66,16.56,20.79,33.71,34.70,44.35,8.33,20.76,60.95,85.70,75.94,39.48,25.29,58.49,0.00,26.70,76.37,62.67,22.93,56.90,57.86,70.67,51.48,86.24,5.75,25.78,50.79,51.86,50.32,15.18,21.32,77.51,88.43,10.61,1.00,88.64,72.43,51.41,2.34,43.48,72.45,23.85,38.51,4.20,30.98,14.48,4.72,48.35,71.16,42.51,36.44,50.58,4.20,60.13,4.29,22.28,89.60,76.97,30.42,19.68,28.00,94.58,28.36,11.36,16.12,52.18,78.73,16.45,75.00,57.39,35.10,6.75,26.39,91.65,53.13,47.31,5.56,95.18,10.43,11.83,21.07,76.72,51.90,90.18,73.94,50.45,76.75,43.09,57.32,62.15,8.13,52.79,45.78,27.58,94.30,69.55,56.37
59.79,48.11,41.42,48.96,10.14,5.91,7.01,8.00,17.65,18.37,5.94,34.25,59.00,49.24,12.78,1.41,31.79,26.70,0.00,49.67,35.97,3.77,30.20,31.16,43.97,24.78,59.54,20.95,0.92,24.09,25.16,23.62,11.52,5.38,50.81,61.73,16.09,27.70,61.94,45.73,24.71,24.36,16.78,45.75,2.85,11.81,22.50,4.28,12.22,21.98,21.65,44.46,15.81,9.74,23.88,22.50,33.43,22.41,4.42,62.90,50.27,3.72,7.02,1.30,67.88,1.66,15.34,10.58,25.48,52.03,10.25,48.30,30.69,8.40,19.95,0.31,64.95,26.43,20.61,21.14,68.48,16.27,14.87,5.63,50.02,25.20,63.49,47.24,23.75,50.05,16.39,30.62,35.45,18.57,26.09,19.08,0.88,67.60,42.85,29.67
10.13,1.55,8.25,0.71,59.81,55.58,42.66,41.67,32.02,68.04,55.61,15.42,9.33,0.43,36.89,51.08,17.88,76.37,49.67,0.00,13.70,53.44,19.47,18.51,5.70,24.88,9.88,70.61,50.58,25.57,24.51,26.04,61.19,55.04,1.14,12.06,65.76,77.37,12.27,3.93,24.96,74.03,32.88,3.92,52.51,37.86,72.16,45.39,61.89,71.65,28.02,5.20,33.86,39.92,25.79,72.16,16.23,72.08,54.09,13.24,0.60,45.94,56.69,48.37,18.21,48.01,65.00,60.24,24.18,2.37,59.92,1.36,18.98,41.27,69.62,49.97,15.29,23.23,29.05,70.80,18.81,65.94,64.53,55.30,0.36,24.47,13.82,2.42,25.91,0.38,33.27,19.05,14.22,68.24,23.58,30.59,48.79,17.93,6.82,20.00
23.83,12.15,5.45,12.99,46.11,41.88,28.96,27.97,18.32,54.34,41.91,1.72,23.03,13.27,23.19,37.38,4.18,62.67,35.97,13.70,0.00,39.74,5.77,4.81,8.00,11.18,23.58,56.91,36.88,11.87,10.81,12.34,47.49,41.34,14.84,25.76,52.06,63.67,25.97,9.77,11.26,60.33,19.18,9.78,38.81,24.16,58.46,31.69,48.19,57.95,14.32,8.50,20.16,26.22,12.09,58.46,2.53,58.38,40.39,26.94,14.30,32.24,42.99,34.67,31.91,34.31,51.30,46.54,10.48,16.07,46.22,12.34,5.28,27.57,55.92,36.27,28.99,9.53,15.35,57.10,32.51,52.24,50.83,41.60,14.06,10.77,27.52,11.28,12.21,14.08,19.57,5.35,0.52,54.54,9.88,16.89,35.09,31.63,6.88,6.30
63.57,51.89,45.19,52.73,6.37,2.14,10.78,11.77,21.42,14.60,2.17,38.02,62.77,53.01,16.55,2.36,35.56,22.93,3.77,53.44,39.74,0.00,33.97,34.93,47.74,28.56,63.32,17.17,2.86,27.87,28.93,27.40,7.75,1.60,54.58,65.50,12.32,23.93,65.71,49.51,28.48,20.59,20.56,49.52,0.93,15.58,18.72,8.05,8.45,18.21,25.42,48.24,19.58,13.52,27.65,18.72,37.21,18.64,0.65,66.68,54.04,7.50,3.25,5.07,71.65,5.43,11.56,6.80,29.26,55.81,6.48,52.08,34.46,12.17,16.18,3.47,68.73,30.21,24.39,17.36,72.25,12.50,11.09,1.86,53.80,28.97,67.26,51.02,27.53,53.82,20.17,34.39,39.22,14.80,29.86,22.85,4.65,71.37,46.62,33.44
29.60,17.92,11.22,18.76,40.34,36.11,23.19,22.20,12.55,48.57,36.14,4.05,28.80,19.04,17.42,31.61,1.59,56.90,30.20,19.47,5.77,33.97,0.00,0.96,13.77,5.41,29.35,51.14,31.12,6.10,5.04,6.57,41.72,35.57,20.61,31.53,46.29,57.90,31.74,15.54,5.49,54.56,13.41,15.55,33.04,18.39,52.69,25.92,42.42,52.18,8.55,14.27,14.39,20.45,6.32,52.70,3.24,52.61,34.62,32.71,20.07,26.47,37.22,28.90,37.68,28.54,45.53,40.77,4.71,21.84,40.45,18.11,0.49,21.80,50.15,30.50,34.76,3.76,9.58,51.33,38.28,46.47,45.06,35.83,19.83,5.00,33.29,17.05,6.44,19.85,13.80,0.42,5.25,48.77,4.11,11.12,29.32,37.40,12.65,0.53
28.63,16.96,10.26,17.80,41.30,37.07,24.15,23.16,13.51,49.53,37.10,3.09,27.84,18.08,18.38,32.57,0.63,57.86,31.16,18.51,4.81,34.93,0.96,0.00,12.81,6.38,28.39,52.10,32.08,7.07,6.00,7.54,42.68,36.54,19.65,30.57,47.25,58.86,30.78,14.58,6.45,55.52,14.37,14.59,34.01,19.35,53.66,26.88,43.38,53.14,9.51,13.30,15.35,21.42,7.28,53.66,2.27,53.57,35.58,31.74,19.11,27.43,38.18,29.86,36.72,29.50,46.50,41.74,5.68,20.87,41.41,17.14,0.47,22.76,51.11,31.47,33.79,4.72,10.55,52.29,37.32,47.43,46.02,36.79,18.86,5.96,32.33,16.08,7.41,18.89,14.76,0.54,4.29,49.73,5.07,12.08,30.28,36.44,11.69,1.49
15.83,4.15,2.55,4.99,54.11,49.88,36.96,35.97,26.32,62.34,49.91,9.72,15.03,5.27,31.19,45.38,12.18,70.67,43.97,5.70,8.00,47.74,13.77,12.81,0.00,19.18,15.58,64.91,44.88,19.87,18.81,20.34,55.49,49.34,6.84,17.76,60.06,71.67,17.97,1.77,19.25,68.33,27.18,1.78,46.81,32.16,66.46,39.68,56.19,65.95,22.32,0.50,28.16,34.22,20.09,66.46,10.53,66.38,48.39,18.94,6.31,40.24,50.99,42.67,23.91,42.30,59.30,54.54,18.48,8.07,54.22,4.34,13.28,35.57,63.92,44.27,20.99,17.53,23.35,65.10,24.51,60.24,58.83,49.60,6.06,18.77,19.52,3.28,20.21,6.08,27.57,13.35,8.52,62.54,17.88,24.89,43.09,23.63,1.12,14.30
35.01,23.33,16.64,24.18,34.92,30.69,17.77,16.78,7.13,43.15,30.73,9.47,34.22,24.45,12.01,26.19,7.00,51.48,24.78,24.88,11.18,28.56,5.41,6.38,19.18,0.00,34.76,45.73,25.70,0.69,0.38,1.16,36.30,30.16,26.03,36.95,40.87,52.48,37.15,20.95,0.07,49.15,8.00,20.97,27.63,12.97,47.28,20.50,37.00,46.77,3.14,19.68,8.97,15.04,0.90,47.28,8.65,47.19,29.20,38.12,25.49,21.06,31.81,23.48,43.10,23.12,40.12,35.36,0.70,27.25,35.03,23.52,5.91,16.39,44.74,25.09,40.17,1.65,4.17,45.92,43.70,41.05,39.65,30.42,25.24,0.42,38.70,22.46,1.03,25.27,8.39,5.83,10.67,43.35,1.31,5.70,23.91,42.82,18.06,4.89
0.25,11.43,18.13,10.58,69.69,65.45,52.53,51.55,41.90,77.91,65.49,25.30,0.55,10.31,46.77,60.95,27.76,86.24,59.54,9.88,23.58,63.32,29.35,28.39,15.58,34.76,0.00,80.49,60.46,35.45,34.39,35.92,71.07,64.92,8.73,2.18,75.64,87.25,2.39,13.81,34.83,83.91,42.76,13.80,62.39,47.74,82.04,55.26,71.77,81.53,37.90,15.08,43.73,49.80,35.67,82.04,26.11,81.95,63.97,3.36,9.27,55.82,66.57,58.25,8.33,57.88,74.88,70.12,34.06,7.51,69.80,11.24,28.86,51.15,79.50,59.85,5.41,33.11,38.93,80.68,8.94,75.82,74.41,65.18,9.52,34.35,3.94,12.30,35.79,9.49,43.15,28.93,24.10,78.12,33.46,40.47,58.67,8.06,16.70,29.87
80.74,69.06,62.37,69.91,10.80,15.04,27.96,28.94,38.59,2.58,15.00,55.19,79.94,70.18,33.72,19.54,52.73,5.75,20.95,70.61,56.91,17.17,51.14,52.10,64.91,45.73,80.49,0.00,20.03,45.04,46.10,44.57,9.42,15.57,71.76,82.67,4.85,6.76,82.88,66.68,45.66,3.42,37.73,66.69,18.10,32.75,1.55,25.23,8.72,1.04,42.59,65.41,36.76,30.69,44.82,1.55,54.38,1.46,16.52,83.85,71.22,24.67,13.92,22.24,88.82,22.61,5.61,10.37,46.43,72.98,10.69,69.25,51.63,29.34,0.99,20.64,85.90,47.38,41.56,0.19,89.43,4.68,6.08,15.31,70.97,46.14,84.43,68.19,44.70,71.00,37.34,51.56,56.39,2.37,47.03,40.02,21.82,88.55,63.79,50.62
60.71,49.03,42.34,49.88,9.22,4.99,7.93,8.92,18.57,17.45,5.03,35.17,59.92,50.16,13.70,0.49,32.70,25.78,0.92,50.58,36.88,2.86,31.12,32.08,44.88,25.70,60.46,20.03,0.00,25.01,26.08,24.54,10.60,4.46,51.73,62.65,15.17,26.78,62.85,46.65,25.63,23.45,17.70,46.67,1.93,12.73,21.58,5.20,11.30,21.07,22.57,45.38,16.73,10.66,24.80,21.58,34.35,21.49,3.50,63.82,51.19,4.64,6.11,2.22,68.80,2.58,14.42,9.66,26.40,52.95,9.33,49.22,31.61,9.31,19.04,0.61,65.87,27.35,21.53,20.22,69.40,15.35,13.95,4.72,50.94,26.12,64.40,48.16,24.67,50.97,17.31,31.53,36.37,17.65,27.01,20.00,1.79,68.52,43.76,30.59
35.70,24.02,17.33,24.87,34.24,30.00,17.08,16.10,6.45,42.46,30.04,10.15,34.90,25.14,11.32,25.50,7.69,50.79,24.09,25.57,11.87,27.87,6.10,7.07,19.87,0.69,35.45,45.04,25.01,0.00,1.06,0.47,35.62,29.47,26.72,37.63,40.19,51.80,37.84,21.64,0.62,48.46,7.31,21.65,26.94,12.29,46.59,19.81,36.32,46.08,2.45,20.37,8.28,14.35,0.22,46.59,9.34,46.50,28.52,38.81,26.18,20.37,31.12,22.80,43.78,22.43,39.43,34.67,1.39,27.94,34.35,24.21,6.59,15.70,44.05,24.40,40.86,2.34,3.48,45.23,44.39,40.36,38.96,29.73,25.93,1.10,39.39,23.15,0.34,25.96,7.70,6.52,11.35,42.67,1.99,5.02,23.22,43.51,18.75,5.58
34.64,22.96,16.26,23.80,35.30,31.07,18.15,17.16,7.51,43.53,31.10,9.09,33.84,24.08,12.38,26.57,6.63,51.86,25.16,24.51,10.81,28.93,5.04,6.00,18.81,0.38,34.39,46.10,26.08,1.06,0.00,1.54,36.68,30.54,25.65,36.57,41.25,52.86,36.78,20.58,0.45,49.52,8.37,20.59,28.01,13.35,47.66,20.88,37.38,47.14,3.51,19.30,9.35,15.41,1.28,47.66,8.27,47.57,29.58,37.74,25.11,21.43,32.18,23.86,42.72,23.50,40.50,35.74,0.32,26.88,35.41,23.14,5.53,16.76,45.11,25.47,39.80,1.28,4.55,46.29,43.32,41.43,40.02,30.79,24.86,0.04,38.33,22.08,1.41,24.89,8.76,5.46,10.29,43.73,0.93,6.08,24.28,42.44,17.69,4.51
36.17,24.49,17.80,25.34,33.76,29.53,16.61,15.63,5.97,41.99,29.57,10.63,35.38,25.61,10.85,25.03,8.16,50.32,23.62,26.04,12.34,27.40,6.57,7.54,20.34,1.16,35.92,44.57,24.54,0.47,1.54,0.00,35.15,29.00,27.19,38.10,39.71,51.33,38.31,22.11,1.09,47.99,6.84,22.12,26.47,11.82,46.12,19.34,35.85,45.61,1.98,20.84,7.81,13.88,0.26,46.12,9.81,46.03,28.05,39.28,26.65,19.90,30.65,22.33,44.25,21.96,38.96,34.20,1.86,28.41,33.87,24.68,7.06,15.23,43.58,23.93,41.33,2.81,3.01,44.76,44.86,39.89,38.49,29.26,26.40,1.57,39.86,23.62,0.13,26.43,7.23,6.99,11.82,42.19,2.47,4.54,22.75,43.98,19.22,6.05
71.32,59.64,52.94,60.48,1.38,5.61,18.53,19.52,29.17,6.85,5.58,45.77,70.52,60.76,24.30,10.11,43.31,15.18,11.52,61.19,47.49,7.75,41.72,42.68,55.49,36.30,71.07,9.42,10.60,35.62,36.68,35.15,0.00,6.14,62.33,73.25,4.57,16.18,73.46,57.26,36.23,12.84,28.31,57.27,8.67,23.33,10.98,15.80,0.70,10.46,33.17,55.98,27.33,21.27,35.40,10.98,44.95,10.89,7.10,74.42,61.79,15.25,4.50,12.82,79.40,13.18,3.81,0.94,37.00,63.56,1.27,59.83,42.21,19.92,8.43,11.21,76.48,37.96,32.14,9.61,80.00,4.75,3.34,5.89,61.54,36.72,75.01,58.77,35.27,61.57,27.92,42.14,46.97,7.05,37.61,30.60,12.40,79.12,54.37,41.19
65.17,53.49,46.80,54.34,4.76,0.53,12.39,13.37,23.03,12.99,0.57,39.63,64.38,54.61,18.15,3.97,37.16,21.32,5.38,55.04,41.34,1.60,35.57,36.54,49.34,30.16,64.92,15.57,4.46,29.47,30.54,29.00,6.14,0.00,56.19,67.11,10.71,22.33,67.31,51.11,30.09,18.99,22.16,51.13,2.53,17.19,17.12,9.66,6.84,16.61,27.02,49.84,21.19,15.12,29.26,17.12,38.81,17.03,0.96,68.28,55.65,9.10,1.65,6.67,73.26,7.04,9.96,5.20,30.86,57.41,4.87,53.68,36.06,13.77,14.58,5.07,70.33,31.81,25.99,15.76,73.86,10.89,9.49,0.26,55.40,30.57,68.86,52.62,29.13,55.43,21.77,35.99,40.83,13.19,31.47,24.46,6.25,72.98,48.22,35.05
8.98,2.70,9.39,1.85,60.95,56.72,43.80,42.81,33.16,69.18,56.75,16.56,8.19,1.57,38.03,52.22,19.02,77.51,50.81,1.14,14.84,54.58,20.61,19.65,6.84,26.03,8.73,71.76,51.73,26.72,25.65,27.19,62.33,56.19,0.00,10.92,66.90,78.51,11.13,5.08,26.10,75.17,34.03,5.06,53.66,39.00,73.31,46.53,63.03,72.79,29.16,6.35,35.00,41.07,26.93,73.31,17.38,73.22,55.23,12.09,0.54,47.09,57.83,49.51,17.07,49.15,66.15,61.39,25.33,1.22,61.06,2.51,20.12,42.41,70.76,51.12,14.14,24.38,30.20,71.95,17.67,67.08,65.68,56.44,0.79,25.61,12.67,3.57,27.06,0.76,34.42,20.19,15.36,69.38,24.72,31.73,49.93,16.79,7.96,21.14
1.93,13.61,20.31,12.77,71.87,67.64,54.72,53.73,44.08,80.10,67.67,27.48,2.73,12.49,48.95,63.14,29.94,88.43,61.73,12.06,25.76,65.50,31.53,30.57,17.76,36.95,2.18,82.67,62.65,37.63,36.57,38.10,73.25,67.11,10.92,0.00,77.82,89.43,0.21,15.99,37.02,86.09,44.94,15.98,64.58,49.92,84.23,57.45,73.95,83.71,40.08,17.27,45.92,51.98,37.85,84.23,28.30,84.14,66.15,1.17,11.46,58.00,68.75,60.43,6.15,60.07,77.06,72.31,36.25,9.69,71.98,13.42,31.04,53.33,81.68,62.04,3.23,35.29,41.11,82.86,6.75,78.00,76.59,67.36,11.71,36.53,1.76,14.48,37.98,11.68,45.33,31.11,26.28,80.30,35.64,42.65,60.85,5.87,18.88,32.06
75.89,64.21,57.51,65.05,5.95,10.18,23.10,24.09,33.74,2.28,10.15,50.34,75.09,65.33,28.87,14.68,47.88,10.61,16.09,65.76,52.06,12.32,46.29,47.25,60.06,40.87,75.64,4.85,15.17,40.19,41.25,39.71,4.57,10.71,66.90,77.82,0.00,11.61,78.03,61.83,40.80,8.27,32.88,61.84,13.24,27.90,6.41,20.37,3.87,5.89,37.74,60.55,31.90,25.83,39.97,6.41,49.52,6.32,11.67,78.99,66.36,19.82,9.07,17.39,83.97,17.75,0.75,5.51,41.57,68.12,5.84,64.39,46.78,24.49,3.86,15.78,81.05,42.53,36.70,5.04,84.57,0.18,1.23,10.46,66.11,41.29,79.58,63.33,39.84,66.14,32.49,46.71,51.54,2.48,42.18,35.17,16.97,83.69,58.94,45.76
87.50,75.82,69.12,76.66,17.56,21.79,34.71,35.70,45.35,9.33,21.76,61.95,86.70,76.94,40.48,26.29,59.49,1.00,27.70,77.37,63.67,23.93,57.90,58.86,71.67,52.48,87.25,6.76,26.78,51.80,52.86,51.33,16.18,22.33,78.51,89.43,11.61,0.00,89.64,73.44,52.41,3.34,44.49,73.45,24.85,39.51,5.20,31.98,15.48,5.72,49.35,72.17,43.51,37.45,51.58,5.20,61.13,5.29,23.28,90.61,77.97,31.43,20.68,29.00,95.58,29.36,12.37,17.12,53.18,79.74,17.45,76.01,58.39,36.10,7.75,27.40,92.66,54.14,48.32,6.57,96.18,11.43,12.84,22.07,77.72,52.90,91.19,74.95,51.46,77.75,44.10,58.32,63.15,9.13,53.79,46.78,28.58,95.30,70.55,57.37
2.14,13.82,20.52,12.98,72.08,67.85,54.93,53.94,44.29,80.31,67.88,27.69,2.94,12.70,49.16,63.35,30.15,88.64,61.94,12.27,25.97,65.71,31.74,30.78,17.97,37.15,2.39,82.88,62.85,37.84,36.78,38.31,73.46,67.31,11.13,0.21,78.03,89.64,0.00,16.20,37.23,86.30,45.15,16.19,64.78,50.13,84.43,57.65,74.16,83.92,40.29,17.47,46.13,52.19,38.06,84.43,28.50,84.35,66.36,0.97,11.66,58.21,68.96,60.64,5.94,60.27,77.27,72.51,36.45,9.90,72.19,13.63,31.25,53.54,81.89,62.24,3.02,35.50,41.32,83.07,6.54,78.21,76.80,67.57,11.91,36.74,1.55,14.69,38.18,11.89,45.54,31.32,26.49,80.51,35.85,42.86,61.06,5.66,19.09,32.27
14.06,2.38,4.32,3.23,55.88,51.64,38.72,37.74,28.09,64.11,51.68,11.49,13.26,3.50,32.96,47.14,13.95,72.43,45.73,3.93,9.77,49.51,15.54,14.58,1.77,20.95,13.81,66.68,46.65,21.64,20.58,22.11,57.26,51.11,5.08,15.99,61.83,73.44,16.20,0.00,21.02,70.10,28.95,0.01,48.58,33.93,68.23,41.45,57.96,67.72,24.09,1.27,29.93,35.99,21.86,68.23,12.30,68.15,50.16,17.17,4.54,42.01,52.76,44.44,22.14,44.07,61.07,56.31,20.25,6.30,55.99,2.57,15.05,37.34,65.69,46.04,19.22,19.30,25.12,66.87,22.74,62.01,60.60,51.37,4.29,20.54,17.75,1.51,21.98,4.31,29.34,15.12,10.29,64.31,19.65,26.66,44.86,21.87,2.89,16.06
35.08,23.40,16.71,24.25,34.85,30.62,17.70,16.71,7.06,43.08,30.65,9.54,34.29,24.53,11.93,26.12,7.07,51.41,24.71,24.96,11.26,28.48,5.49,6.45,19.25,0.07,34.83,45.66,25.63,0.62,0.45,1.09,36.23,30.09,26.10,37.02,40.80,52.41,37.23,21.02,0.00,49.08,7.93,21.04,27.56,12.90,47.21,20.43,36.93,46.70,3.06,19.75,8.90,14.97,0.83,47.21,8.72,47.12,29.13,38.19,25.56,20.99,31.73,23.41,43.17,23.05,40.05,35.29,0.77,27.32,34.96,23.59,5.98,16.32,44.66,25.02,40.24,1.72,4.10,45.85,43.77,40.98,39.58,30.34,25.31,0.49,38.77,22.53,0.96,25.34,8.32,5.90,10.74,43.28,1.38,5.63,23.83,42.89,18.13,4.96
84.16,72.48,65.78,73.33,14.22,18.45,31.37,32.36,42.01,5.99,18.42,58.61,83.36,73.60,37.14,22.95,56.15,2.34,24.36,74.03,60.33,20.59,54.56,55.52,68.33,49.15,83.91,3.42,23.45,48.46,49.52,47.99,12.84,18.99,75.17,86.09,8.27,3.34,86.30,70.10,49.08,0.00,41.15,70.11,21.52,36.17,1.87,28.65,12.14,2.38,46.01,68.83,40.17,34.11,48.24,1.87,57.80,1.95,19.94,87.27,74.64,28.09,17.34,25.66,92.24,26.03,9.03,13.79,49.85,76.40,14.11,72.67,55.05,32.76,4.41,24.06,89.32,50.80,44.98,3.23,92.84,8.09,9.50,18.73,74.39,49.56,87.85,71.61,48.12,74.41,40.76,54.98,59.81,5.79,50.45,43.44,25.24,91.96,67.21,54.03
43.01,31.33,24.63,32.18,26.93,22.69,9.77,8.79,0.86,35.16,22.73,17.46,42.21,32.45,4.01,18.19,15.00,43.48,16.78,32.88,19.18,20.56,13.41,14.37,27.18,8.00,42.76,37.73,17.70,7.31,8.37,6.84,28.31,22.16,34.03,44.94,32.88,44.49,45.15,28.95,7.93,41.15,0.00,28.96,19.63,4.98,39.28,12.50,29.01,38.77,4.86,27.68,0.98,7.04,7.09,39.28,16.65,39.20,21.21,46.12,33.49,13.06,23.81,15.49,51.09,15.12,32.12,27.36,8.70,35.25,27.04,31.52,13.90,8.39,36.74,17.09,48.17,9.65,3.83,37.92,51.69,33.06,31.65,22.42,33.24,8.41,46.70,30.46,6.97,33.26,0.39,13.83,18.66,35.36,9.30,2.29,15.91,50.82,26.06,12.89
14.05,2.37,4.33,3.21,55.89,51.66,38.74,37.75,28.10,64.12,51.69,11.50,13.25,3.49,32.97,47.16,13.96,72.45,45.75,3.92,9.78,49.52,15.55,14.59,1.78,20.97,13.80,66.69,46.67,21.65,20.59,22.12,57.27,51.13,5.06,15.98,61.84,73.45,16.19,0.01,21.04,70.11,28.96,0.00,48.60,33.94,68.25,41.47,57.97,67.73,24.10,1.29,29.94,36.00,21.87,68.25,12.32,68.16,50.17,17.15,4.52,42.02,52.77,44.45,22.13,44.09,61.08,56.33,20.27,6.29,56.00,2.56,15.06,37.35,65.70,46.06,19.21,19.31,25.13,66.88,22.73,62.02,60.61,51.38,4.27,20.55,17.74,1.50,22.00,4.30,29.35,15.13,10.30,64.32,19.66,26.67,44.87,21.85,2.90,16.08
62.64,50.96,44.27,51.81,7.29,3.06,9.86,10.85,20.50,15.52,3.10,37.10,61.85,52.08,15.63,1.44,34.63,23.85,2.85,52.51,38.81,0.93,33.04,34.01,46.81,27.63,62.39,18.10,1.93,26.94,28.01,26.47,8.67,2.53,53.66,64.58,13.24,24.85,64.78,48.58,27.56,21.52,19.63,48.60,0.00,14.66,19.65,7.13,9.37,19.14,24.49,47.31,18.66,12.59,26.73,19.65,36.28,19.56,1.57,65.75,53.12,6.57,4.18,4.15,70.73,4.51,12.49,7.73,28.33,54.88,7.40,51.15,33.54,11.24,17.11,2.54,67.80,29.28,23.46,18.29,71.33,13.42,12.02,2.79,52.87,28.05,66.33,50.09,26.60,52.90,19.24,33.46,38.30,15.72,28.94,21.93,3.72,70.45,45.69,32.52
47.99,36.31,29.61,37.15,21.95,17.72,4.80,3.81,5.84,30.18,17.75,22.44,47.19,37.43,0.97,13.22,19.98,38.51,11.81,37.86,24.16,15.58,18.39,19.35,32.16,12.97,47.74,32.75,12.73,12.29,13.35,11.82,23.33,17.19,39.00,49.92,27.90,39.51,50.13,33.93,12.90,36.17,4.98,33.94,14.66,0.00,34.31,7.53,24.03,33.79,9.84,32.65,4.00,2.06,12.07,34.31,21.62,34.22,16.23,51.09,38.46,8.08,18.83,10.51,56.07,10.15,27.15,22.39,13.67,40.23,22.06,36.49,18.88,3.41,31.76,12.12,53.15,14.63,8.80,32.94,56.67,28.08,26.67,17.44,38.21,13.39,51.68,35.44,11.94,38.24,4.59,18.81,23.64,30.38,14.28,7.27,10.93,55.79,31.04,17.86
82.29,70.61,63.92,71.46,12.36,16.59,29.51,30.50,40.15,4.13,16.55,56.75,81.50,71.73,35.28,21.09,54.28,4.20,22.50,72.16,58.46,18.72,52.69,53.66,66.46,47.28,82.04,1.55,21.58,46.59,47.66,46.12,10.98,17.12,73.31,84.23,6.41,5.20,84.43,68.23,47.21,1.87,39.28,68.25,19.65,34.31,0.00,26.78,10.28,0.51,44.14,66.96,38.31,32.24,46.38,0.00,55.93,0.09,18.08,85.40,72.77,26.22,15.47,23.80,90.38,24.16,7.16,11.92,47.98,74.53,12.25,70.80,53.19,30.89,2.54,22.19,87.45,48.93,43.11,1.36,90.98,6.23,7.63,16.86,72.52,47.70,85.98,69.74,46.25,72.55,38.89,53.11,57.95,3.93,48.59,41.58,23.37,90.10,65.34,52.17
55.51,43.83,37.14,44.68,14.42,10.19,2.73,3.72,13.37,22.65,10.22,29.97,54.72,44.96,8.50,5.69,27.50,30.98,4.28,45.39,31.69,8.05,25.92,26.88,39.68,20.50,55.26,25.23,5.20,19.81,20.88,19.34,15.80,9.66,46.53,57.45,20.37,31.98,57.65,41.45,20.43,28.65,12.50,41.47,7.13,7.53,26.78,0.00,16.50,26.27,17.37,40.18,11.53,5.46,19.60,26.78,29.15,26.69,8.70,58.62,45.99,0.56,11.31,2.98,63.60,2.62,19.62,14.86,21.20,47.75,14.53,44.02,26.41,4.11,24.23,4.59,60.67,22.15,16.33,25.42,64.20,20.55,19.15,9.91,45.74,20.92,59.20,42.96,19.47,45.77,12.11,26.33,31.17,22.85,21.81,14.80,3.40,63.32,38.56,25.39
72.02,60.34,53.64,61.18,2.08,6.31,19.23,20.22,29.87,6.15,6.28,46.47,71.22,61.46,25.00,10.81,44.01,14.48,12.22,61.89,48.19,8.45,42.42,43.38,56.19,37.00,71.77,8.72,11.30,36.32,37.38,35.85,0.70,6.84,63.03,73.95,3.87,15.48,74.16,57.96,36.93,12.14,29.01,57.97,9.37,24.03,10.28,16.50,0.00,9.76,33.87,56.68,28.03,21.97,36.10,10.28,45.65,10.19,7.80,75.12,62.49,15.95,5.20,13.52,80.10,13.88,3.12,1.64,37.70,64.26,1.97,60.52,42.91,20.62,7.73,11.91,77.18,38.66,32.83,8.91,80.70,4.05,2.64,6.59,62.24,37.42,75.71,59.47,35.97,62.27,28.62,42.84,47.67,6.35,38.31,31.30,13.10,79.82,55.07,41.89
81.78,70.10,63.40,70.94,11.84,16.07,28.99,29.98,39.63,3.61,16.04,56.23,80.98,71.22,34.76,20.57,53.77,4.72,21.98,71.65,57.95,18.21,52.18,53.14,65.95,46.77,81.53,1.04,21.07,46.08,47.14,45.61,10.46,16.61,72.79,83.71,5.89,5.72,83.92,67.72,46.70,2.38,38.77,67.73,19.14,33.79,0.51,26.27,9.76,0.00,43.63,66.45,37.79,31.73,45.86,0.51,55.42,0.43,17.56,84.89,72.26,25.71,14.96,23.28,89.86,23.65,6.65,11.41,47.47,74.02,11.73,70.29,52.67,30.38,2.03,21.68,86.94,48.42,42.60,0.85,90.46,5.71,7.12,16.35,72.01,47.18,85.47,69.23,45.74,72.03,38.38,52.60,57.43,3.41,48.07,41.06,22.86,89.58,64.83,51.65
38.15,26.47,19.77,27.31,31.79,27.56,14.64,13.65,4.00,40.02,27.59,12.60,37.35,27.59,8.87,23.06,10.14,48.35,21.65,28.02,14.32,25.42,8.55,9.51,22.32,3.14,37.90,42.59,22.57,2.45,3.51,1.98,33.17,27.02,29.16,40.08,37.74,49.35,40.29,24.09,3.06,46.01,4.86,24.10,24.49,9.84,44.14,17.37,33.87,43.63,0.00,22.82,5.84,11.90,2.23,44.15,11.79,44.06,26.07,41.26,28.62,17.92,28.67,20.35,46.23,19.99,36.98,32.22,3.84,30.39,31.90,26.66,9.04,13.25,41.60,21.95,43.31,4.79,1.03,42.78,46.83,37.92,36.51,27.28,28.38,3.55,41.84,25.60,2.11,28.40,5.25,8.97,13.80,40.22,4.44,2.57,20.77,45.95,21.20,8.02
15.33,3.65,3.04,4.50,54.60,50.37,37.45,36.47,26.81,62.83,50.41,10.21,14.54,4.77,31.69,45.87,12.68,71.16,44.46,5.20,8.50,48.24,14.27,13.30,0.50,19.68,15.08,65.41,45.38,20.37,19.30,20.84,55.98,49.84,6.35,17.27,60.55,72.17,17.47,1.27,19.75,68.83,27.68,1.29,47.31,32.65,66.96,40.18,56.68,66.45,22.82,0.00,28.65,34.72,20.58,66.96,11.03,66.87,48.88,18.44,5.81,40.74,51.49,43.17,23.42,42.80,59.80,55.04,18.98,7.57,54.71,3.84,13.78,36.07,64.42,44.77,20.49,18.03,23.85,65.60,24.02,60.73,59.33,50.10,5.56,19.27,19.02,2.78,20.71,5.59,28.07,13.85,9.01,63.03,18.37,25.38,43.59,23.14,1.62,14.79
43.98,32.30,25.61,33.15,25.95,21.72,8.80,7.81,1.84,34.18,21.75,18.44,43.19,33.43,3.03,17.22,15.98,42.51,15.81,33.86,20.16,19.58,14.39,15.35,28.16,8.97,43.73,36.76,16.73,8.28,9.35,7.81,27.33,21.19,35.00,45.92,31.90,43.51,46.13,29.93,8.90,40.17,0.98,29.94,18.66,4.00,38.31,11.53,28.03,37.79,5.84,28.65,0.00,6.07,8.07,38.31,17.62,38.22,20.23,47.09,34.46,12.09,22.83,14.51,52.07,14.15,31.15,26.39,9.67,36.22,26.06,32.49,14.88,7.41,35.76,16.12,49.14,10.62,4.80,36.95,52.67,32.08,30.68,21.44,34.21,9.39,47.68,31.43,7.94,34.24,0.58,14.81,19.64,34.38,10.28,3.27,14.93,51.79,27.04,13.86
50.05,38.37,31.68,39.22,19.89,15.65,2.73,1.75,7.91,28.11,15.69,24.50,49.25,39.49,3.03,11.15,22.04,36.44,9.74,39.92,26.22,13.52,20.45,21.42,34.22,15.04,49.80,30.69,10.66,14.35,15.41,13.88,21.27,15.12,41.07,51.98,25.83,37.45,52.19,35.99,14.97,34.11,7.04,36.00,12.59,2.06,32.24,5.46,21.97,31.73,11.90,34.72,6.07,0.00,14.13,32.24,23.69,32.15,14.17,53.16,40.53,6.02,16.77,8.45,58.13,8.08,25.08,20.32,15.74,42.29,20.00,38.56,20.94,1.35,29.70,10.05,55.21,16.69,10.87,30.88,58.74,26.01,24.61,15.38,40.28,15.45,53.74,37.50,14.01,40.31,6.65,20.87,25.70,28.32,16.34,9.33,8.87,57.86,33.10,19.93
35.92,24.24,17.54,25.08,34.02,29.79,16.87,15.88,6.23,42.25,29.82,10.37,35.12,25.36,11.10,25.29,7.91,50.58,23.88,25.79,12.09,27.65,6.32,7.28,20.09,0.90,35.67,44.82,24.80,0.22,1.28,0.26,35.40,29.26,26.93,37.85,39.97,51.58,38.06,21.86,0.83,48.24,7.09,21.87,26.73,12.07,46.38,19.60,36.10,45.86,2.23,20.58,8.07,14.13,0.00,46.38,9.55,46.29,28.30,39.02,26.39,20.15,30.90,22.58,44.00,22.22,39.22,34.46,1.60,28.16,34.13,24.42,6.81,15.48,43.83,24.19,41.08,2.56,3.27,45.01,44.60,40.15,38.74,29.51,26.14,1.32,39.61,23.37,0.13,26.17,7.48,6.74,11.57,42.45,2.21,4.80,23.00,43.72,18.97,5.79
82.29,70.61,63.92,71.46,12.36,16.59,29.51,30.50,40.15,4.13,16.55,56.75,81.50,71.74,35.28,21.09,54.28,4.20,22.50,72.16,58.46,18.72,52.70,53.66,66.46,47.28,82.04,1.55,21.58,46.59,47.66,46.12,10.98,17.12,73.31,84.23,6.41,5.20,84.43,68.23,47.21,1.87,39.28,68.25,19.65,34.31,0.00,26.78,10.28,0.51,44.15,66.96,38.31,32.24,46.38,0.00,55.93,0.09,18.08,85.40,72.77,26.22,15.47,23.80,90.38,24.16,7.16,11.92,47.98,74.53,12.25,70.80,53.19,30.89,2.54,22.19,87.45,48.93,43.11,1.36,90.98,6.23,7.63,16.86,72.52,47.70,85.98,69.74,46.25,72.55,38.89,53.11,57.95,3.93,48.59,41.58,23.37,90.10,65.34,52.17
26.36,14.68,7.99,15.53,43.57,39.34,26.42,25.43,15.78,51.80,39.38,0.82,25.57,15.80,20.65,34.84,1.65,60.13,33.43,16.23,2.53,37.21,3.24,2.27,10.53,8.65,26.11,54.38,34.35,9.34,8.27,9.81,44.95,38.81,17.38,28.30,49.52,61.13,28.50,12.30,8.72,57.80,16.65,12.32,36.28,21.62,55.93,29.15,45.65,55.42,11.79,11.03,17.62,23.69,9.55,55.93,0.00,55.84,37.85,29.47,16.84,29.71,40.46,32.13,34.45,31.77,48.77,44.01,7.95,18.60,43.68,14.87,2.74,25.04,53.39,33.74,31.52,7.00,12.82,54.57,35.05,49.70,48.30,39.07,16.59,8.23,30.05,13.81,9.68,16.62,17.04,2.82,2.02,52.00,7.34,14.35,32.56,34.17,9.41,3.76
82.20,70.53,63.83,71.37,12.27,16.50,29.42,30.41,40.06,4.04,16.47,56.66,81.41,71.65,35.19,21.00,54.20,4.29,22.41,72.08,58.38,18.64,52.61,53.57,66.38,47.19,81.95,1.46,21.49,46.50,47.57,46.03,10.89,17.03,73.22,84.14,6.32,5.29,84.35,68.15,47.12,1.95,39.20,68.16,19.56,34.22,0.09,26.69,10.19,0.43,44.06,66.87,38.22,32.15,46.29,0.09,55.84,0.00,17.99,85.31,72.68,26.14,15.39,23.71,90.29,24.07,7.07,11.83,47.89,74.44,12.16,70.71,53.10,30.81,2.46,22.10,87.36,48.84,43.02,1.27,90.89,6.14,7.54,16.78,72.43,47.61,85.90,69.65,46.16,72.46,38.80,53.03,57.86,3.84,48.50,41.49,23.29,90.01,65.26,52.08
64.22,52.54,45.84,53.38,5.72,1.49,11.43,12.42,22.07,13.95,1.52,38.67,63.42,53.66,17.20,3.01,36.21,22.28,4.42,54.09,40.39,0.65,34.62,35.58,48.39,29.20,63.97,16.52,3.50,28.52,29.58,28.05,7.10,0.96,55.23,66.15,11.67,23.28,66.36,50.16,29.13,19.94,21.21,50.17,1.57,16.23,18.08,8.70,7.80,17.56,26.07,48.88,20.23,14.17,28.30,18.08,37.85,17.99,0.00,67.32,54.69,8.15,2.60,5.72,72.30,6.08,10.92,6.16,29.90,56.46,5.83,52.72,35.11,12.82,15.53,4.11,69.38,30.86,25.03,16.71,72.90,11.85,10.44,1.21,54.44,29.62,67.91,51.67,28.17,54.47,20.82,35.04,39.87,14.15,30.51,23.50,5.30,72.02,47.27,34.09
3.11,14.79,21.48,13.94,73.04,68.81,55.89,54.91,45.25,81.27,68.85,28.65,3.90,13.67,50.13,64.31,31.12,89.60,62.90,13.24,26.94,66.68,32.71,31.74,18.94,38.12,3.36,83.85,63.82,38.81,37.74,39.28,74.42,68.28,12.09,1.17,78.99,90.61,0.97,17.17,38.19,87.27,46.12,17.15,65.75,51.09,85.40,58.62,75.12,84.89,41.26,18.44,47.09,53.16,39.02,85.40,29.47,85.31,67.32,0.00,12.63,59.18,69.93,61.61,4.98,61.24,78.24,73.48,37.42,10.87,73.15,14.60,32.22,54.51,82.86,63.21,2.05,36.47,42.29,84.04,5.58,79.17,77.77,68.54,12.88,37.71,0.58,15.66,39.15,12.85,46.51,32.29,27.45,81.47,36.81,43.82,62.03,4.70,20.06,33.23
9.52,2.16,8.85,1.31,60.41,56.18,43.26,42.27,32.62,68.64,56.21,16.02,8.73,1.03,37.49,51.68,18.49,76.97,50.27,0.60,14.30,54.04,20.07,19.11,6.31,25.49,9.27,71.22,51.19,26.18,25.11,26.65,61.79,55.65,0.54,11.46,66.36,77.97,11.66,4.54,25.56,74.64,33.49,4.52,53.12,38.46,72.77,45.99,62.49,72.26,28.62,5.81,34.46,40.53,26.39,72.77,16.84,72.68,54.69,12.63,0.00,46.55,57.30,48.97,17.61,48.61,65.61,60.85,24.79,1.76,60.52,1.97,19.58,41.88,70.22,50.58,14.68,23.84,29.66,71.41,18.21,66.54,65.14,55.90,0.25,25.07,13.21,3.03,26.52,0.22,33.88,19.66,14.82,68.84,24.18,31.19,49.39,17.33,7.43,20.60
56.07,44.39,37.69,45.24,13.87,9.63,3.29,4.27,13.92,22.10,9.67,30.52,55.27,45.51,9.05,5.13,28.06,30.42,3.72,45.94,32.24,7.50,26.47,27.43,40.24,21.06,55.82,24.67,4.64,20.37,21.43,19.90,15.25,9.10,47.09,58.00,19.82,31.43,58.21,42.01,20.99,28.09,13.06,42.02,6.57,8.08,26.22,0.56,15.95,25.71,17.92,40.74,12.09,6.02,20.15,26.22,29.71,26.14,8.15,59.18,46.55,0.00,10.75,2.43,64.15,2.06,19.06,14.30,21.76,48.31,13.98,44.58,26.96,4.67,23.68,4.03,61.23,22.71,16.89,24.86,64.75,20.00,18.59,9.36,46.30,21.47,59.76,43.52,20.03,46.32,12.67,26.89,31.72,22.30,22.36,15.35,2.85,63.88,39.12,25.95
66.82,55.14,48.44,55.98,3.12,1.11,14.03,15.02,24.67,11.35,1.08,41.27,66.02,56.26,19.80,5.61,38.81,19.68,7.02,56.69,42.99,3.25,37.22,38.18,50.99,31.81,66.57,13.92,6.11,31.12,32.18,30.65,4.50,1.65,57.83,68.75,9.07,20.68,68.96,52.76,31.73,17.34,23.81,52.77,4.18,18.83,15.47,11.31,5.20,14.96,28.67,51.49,22.83,16.77,30.90,15.47,40.46,15.39,2.60,69.93,57.30,10.75,0.00,8.32,74.90,8.68,8.31,3.55,32.51,59.06,3.23,55.33,37.71,15.42,12.93,6.72,71.98,33.46,27.64,14.11,75.50,9.25,7.84,1.39,57.05,32.22,70.51,54.27,30.78,57.07,23.42,37.64,42.47,11.55,33.11,26.10,7.90,74.62,49.87,36.69
58.50,46.82,40.12,47.66,11.44,7.21,5.71,6.70,16.35,19.67,7.24,32.95,57.70,47.94,11.48,2.71,30.49,28.00,1.30,48.37,34.67,5.07,28.90,29.86,42.67,23.48,58.25,22.24,2.22,22.80,23.86,22.33,12.82,6.67,49.51,60.43,17.39,29.00,60.64,44.44,23.41,25.66,15.49,44.45,4.15,10.51,23.80,2.98,13.52,23.28,20.35,43.17,14.51,8.45,22.58,23.80,32.13,23.71,5.72,61.61,48.97,2.43,8.32,0.00,66.58,0.36,16.63,11.88,24.18,50.74,11.55,47.01,29.39,7.10,21.25,1.60,63.66,25.14,19.32,22.43,67.18,17.57,16.16,6.93,48.72,23.90,62.19,45.95,22.46,48.75,15.10,29.32,34.15,19.87,24.79,17.78,0.42,66.30,41.55,28.37
8.08,19.76,26.46,18.92,78.02,73.79,60.87,59.88,50.23,86.25,73.82,33.63,8.88,18.64,55.10,69.29,36.09,94.58,67.88,18.21,31.91,71.65,37.68,36.72,23.91,43.10,8.33,88.82,68.80,43.78,42.72,44.25,79.40,73.26,17.07,6.15,83.97,95.58,5.94,22.14,43.17,92.24,51.09,22.13,70.73,56.07,90.38,63.60,80.10,89.86,46.23,23.42,52.07,58.13,44.00,90.38,34.45,90.29,72.30,4.98,17.61,64.15,74.90,66.58,0.00,66.22,83.21,78.46,42.40,15.84,78.13,19.57,37.19,59.48,87.83,68.19,2.92,41.44,47.26,89.01,0.60,84.15,82.74,73.51,17.86,42.68,4.39,20.63,44.13,17.83,51.48,37.26,32.43,86.45,41.79,48.80,67.00,0.28,25.03,38.21
58.13,46.45,39.76,47.30,11.80,7.57,5.35,6.34,15.99,20.03,7.60,32.59,57.34,47.58,11.12,3.07,30.12,28.36,1.66,48.01,34.31,5.43,28.54,29.50,42.30,23.12,57.88,22.61,2.58,22.43,23.50,21.96,13.18,7.04,49.15,60.07,17.75,29.36,60.27,44.07,23.05,26.03,15.12,44.09,4.51,10.15,24.16,2.62,13.88,23.65,19.99,42.80,14.15,8.08,22.22,24.16,31.77,24.07,6.08,61.24,48.61,2.06,8.68,0.36,66.22,0.00,17.00,12.24,23.82,50.37,11.91,46.64,29.03,6.73,21.61,1.97,63.29,24.77,18.95,22.80,66.82,17.93,16.53,7.29,48.36,23.54,61.82,45.58,22.09,48.39,14.73,28.95,33.79,20.23,24.43,17.42,0.78,65.94,41.18,28.01
75.13,63.45,56.76,64.30,5.20,9.43,22.35,23.33,32.99,3.03,9.39,49.59,74.34,64.57,28.11,13.93,47.12,11.36,15.34,65.00,51.30,11.56,45.53,46.50,59.30,40.12,74.88,5.61,14.42,39.43,40.50,38.96,3.81,9.96,66.15,77.06,0.75,12.37,77.27,61.07,40.05,9.03,32.12,61.08,12.49,27.15,7.16,19.62,3.12,6.65,36.98,59.80,31.15,25.08,39.22,7.16,48.77,7.07,10.92,78.24,65.61,19.06,8.31,16.63,83.21,17.00,0.00,4.76,40.82,67.37,5.09,63.64,46.02,23.73,4.62,15.03,80.29,41.77,35.95,5.80,83.82,0.93,0.47,9.70,65.36,40.53,78.82,62.58,39.09,65.39,31.73,45.95,50.79,3.23,41.43,34.42,16.21,82.94,58.18,45.01
70.37,58.69,52.00,59.54,0.44,4.67,17.59,18.58,28.23,7.79,4.63,44.83,69.58,59.81,23.36,9.17,42.36,16.12,10.58,60.24,46.54,6.80,40.77,41.74,54.54,35.36,70.12,10.37,9.66,34.67,35.74,34.20,0.94,5.20,61.39,72.31,5.51,17.12,72.51,56.31,35.29,13.79,27.36,56.33,7.73,22.39,11.92,14.86,1.64,11.41,32.22,55.04,26.39,20.32,34.46,11.92,44.01,11.83,6.16,73.48,60.85,14.30,3.55,11.88,78.46,12.24,4.76,0.00,36.06,62.61,0.33,58.88,41.27,18.97,9.38,10.27,75.53,37.01,31.19,10.56,79.06,5.69,4.29,4.94,60.60,35.78,74.06,57.82,34.33,60.63,26.97,41.19,46.03,7.99,36.67,29.66,11.45,78.18,53.42,40.25
34.31,22.63,15.94,23.48,35.62,31.39,18.47,17.48,7.83,43.85,31.43,8.77,33.52,23.75,12.71,26.89,6.30,52.18,25.48,24.18,10.48,29.26,4.71,5.68,18.48,0.70,34.06,46.43,26.40,1.39,0.32,1.86,37.00,30.86,25.33,36.25,41.57,53.18,36.45,20.25,0.77,49.85,8.70,20.27,28.33,13.67,47.98,21.20,37.70,47.47,3.84,18.98,9.67,15.74,1.60,47.98,7.95,47.89,29.90,37.42,24.79,21.76,32.51,24.18,42.40,23.82,40.82,36.06,0.00,26.55,35.73,22.82,5.21,17.09,45.44,25.79,39.47,0.95,4.87,46.62,43.00,41.75,40.35,31.12,24.54,0.28,38.00,21.76,1.73,24.57,9.09,5.13,9.97,44.05,0.61,6.40,24.61,42.12,17.36,4.19
7.76,3.92,10.61,3.07,62.18,57.94,45.02,44.04,34.38,70.40,57.98,17.79,6.96,2.80,39.26,53.44,20.25,78.73,52.03,2.37,16.07,55.81,21.84,20.87,8.07,27.25,7.51,72.98,52.95,27.94,26.88,28.41,63.56,57.41,1.22,9.69,68.12,79.74,9.90,6.30,27.32,76.40,35.25,6.29,54.88,40.23,74.53,47.75,64.26,74.02,30.39,7.57,36.22,42.29,28.16,74.53,18.60,74.44,56.46,10.87,1.76,48.31,59.06,50.74,15.84,50.37,67.37,62.61,26.55,0.00,62.29,3.73,21.35,43.64,71.99,52.34,12.92,25.60,31.42,73.17,16.45,68.30,66.90,57.67,2.01,26.84,11.45,4.79,28.28,1.98,35.64,21.42,16.59,70.61,25.95,32.96,51.16,15.57,9.19,22.36
70.05,58.37,51.67,59.21,0.11,4.34,17.26,18.25,27.90,8.12,4.31,44.50,69.25,59.49,23.03,8.84,42.04,16.45,10.25,59.92,46.22,6.48,40.45,41.41,54.22,35.03,69.80,10.69,9.33,34.35,35.41,33.87,1.27,4.87,61.06,71.98,5.84,17.45,72.19,55.99,34.96,14.11,27.04,56.00,7.40,22.06,12.25,14.53,1.97,11.73,31.90,54.71,26.06,20.00,34.13,12.25,43.68,12.16,5.83,73.15,60.52,13.98,3.23,11.55,78.13,11.91,5.09,0.33,35.73,62.29,0.00,58.55,40.94,18.65,9.70,9.94,75.21,36.69,30.86,10.88,78.73,6.02,4.61,4.62,60.27,35.45,73.74,57.49,34.00,60.30,26.65,40.87,45.70,8.32,36.34,29.33,11.13,77.85,53.10,39.92
11.49,0.19,6.88,0.66,58.44,54.21,41.29,40.31,30.65,66.67,54.25,14.05,10.70,0.93,35.53,49.71,16.52,75.00,48.30,1.36,12.34,52.08,18.11,17.14,4.34,23.52,11.24,69.25,49.22,24.21,23.14,24.68,59.83,53.68,2.51,13.42,64.39,76.01,13.63,2.57,23.59,72.67,31.52,2.56,51.15,36.49,70.80,44.02,60.52,70.29,26.66,3.84,32.49,38.56,24.42,70.80,14.87,70.71,52.72,14.60,1.97,44.58,55.33,47.01,19.57,46.64,63.64,58.88,22.82,3.73,58.55,0.00,17.62,39.91,68.26,48.61,16.65,21.87,27.69,69.44,20.18,64.57,63.17,53.94,1.72,23.11,15.18,1.06,24.55,1.75,31.91,17.69,12.85,66.87,22.21,29.22,47.43,19.30,5.46,18.63
29.11,17.43,10.73,18.27,40.83,36.60,23.68,22.69,13.04,49.06,36.63,3.56,28.31,18.55,17.91,32.10,1.10,57.39,30.69,18.98,5.28,34.46,0.49,0.47,13.28,5.91,28.86,51.63,31.61,6.59,5.53,7.06,42.21,36.06,20.12,31.04,46.78,58.39,31.25,15.05,5.98,55.05,13.90,15.06,33.54,18.88,53.19,26.41,42.91,52.67,9.04,13.78,14.88,20.94,6.81,53.19,2.74,53.10,35.11,32.22,19.58,26.96,37.71,29.39,37.19,29.03,46.02,41.27,5.21,21.35,40.94,17.62,0.00,22.29,50.64,30.99,34.27,4.25,10.07,51.82,37.79,46.96,45.55,36.32,19.33,5.49,32.80,16.56,6.93,19.36,14.29,0.07,4.76,49.26,4.60,11.61,29.81,36.91,12.16,1.02
51.40,39.72,33.02,40.56,18.54,14.31,1.39,0.40,9.25,26.77,14.34,25.85,50.60,40.84,4.38,9.81,23.39,35.10,8.40,41.27,27.57,12.17,21.80,22.76,35.57,16.39,51.15,29.34,9.31,15.70,16.76,15.23,19.92,13.77,42.41,53.33,24.49,36.10,53.54,37.34,16.32,32.76,8.39,37.35,11.24,3.41,30.89,4.11,20.62,30.38,13.25,36.07,7.41,1.35,15.48,30.89,25.04,30.81,12.82,54.51,41.88,4.67,15.42,7.10,59.48,6.73,23.73,18.97,17.09,43.64,18.65,39.91,22.29,0.00,28.35,8.70,56.56,18.04,12.22,29.53,60.08,24.67,23.26,14.03,41.63,16.80,55.09,38.85,15.36,41.65,8.00,22.22,27.05,26.97,17.69,10.68,7.52,59.20,34.45,21.27
79.75,68.07,61.37,68.91,9.81,14.04,26.96,27.95,37.60,1.58,14.01,54.20,78.95,69.19,32.73,18.54,51.74,6.75,19.95,69.62,55.92,16.18,50.15,51.11,63.92,44.74,79.50,0.99,19.04,44.05,45.11,43.58,8.43,14.58,70.76,81.68,3.86,7.75,81.89,65.69,44.66,4.41,36.74,65.70,17.11,31.76,2.54,24.23,7.73,2.03,41.60,64.42,35.76,29.70,43.83,2.54,53.39,2.46,15.53,82.86,70.22,23.68,12.93,21.25,87.83,21.61,4.62,9.38,45.44,71.99,9.70,68.26,50.64,28.35,0.00,19.65,84.91,46.39,40.57,1.18,88.43,3.68,5.09,14.32,69.98,45.15,83.44,67.20,43.71,70.00,36.35,50.57,55.40,1.38,46.04,39.03,20.83,87.55,62.80,49.62
60.10,48.42,41.73,49.27,9.83,5.60,7.32,8.31,17.96,18.06,5.64,34.56,59.31,49.54,13.08,1.10,32.09,26.39,0.31,49.97,36.27,3.47,30.50,31.47,44.27,25.09,59.85,20.64,0.61,24.40,25.47,23.93,11.21,5.07,51.12,62.04,15.78,27.40,62.24,46.04,25.02,24.06,17.09,46.06,2.54,12.12,22.19,4.59,11.91,21.68,21.95,44.77,16.12,10.05,24.19,22.19,33.74,22.10,4.11,63.21,50.58,4.03,6.72,1.60,68.19,1.97,15.03,10.27,25.79,52.34,9.94,48.61,30.99,8.70,19.65,0.00,65.26,26.74,20.92,20.83,68.79,15.96,14.56,5.33,50.33,25.50,63.79,47.55,24.06,50.36,16.70,30.92,35.76,18.26,26.40,19.39,1.18,67.91,43.15,29.98
5.16,16.84,23.53,15.99,75.10,70.86,57.94,56.96,47.31,83.32,70.90,30.71,5.96,15.72,52.18,66.36,33.17,91.65,64.95,15.29,28.99,68.73,34.76,33.79,20.99,40.17,5.41,85.90,65.87,40.86,39.80,41.33,76.48,70.33,14.14,3.23,81.05,92.66,3.02,19.22,40.24,89.32,48.17,19.21,67.80,53.15,87.45,60.67,77.18,86.94,43.31,20.49,49.14,55.21,41.08,87.45,31.52,87.36,69.38,2.05,14.68,61.23,71.98,63.66,2.92,63.29,80.29,75.53,39.47,12.92,75.21,16.65,34.27,56.56,84.91,65.26,0.00,38.52,44.34,86.09,3.53,81.22,79.82,70.59,14.93,39.76,1.47,17.71,41.20,14.90,48.56,34.34,29.51,83.53,38.87,45.88,64.08,2.65,22.11,35.28
33.36,21.68,14.98,22.53,36.58,32.34,19.42,18.44,8.79,44.80,32.38,7.81,32.56,22.80,13.66,27.84,5.35,53.13,26.43,23.23,9.53,30.21,3.76,4.72,17.53,1.65,33.11,47.38,27.35,2.34,1.28,2.81,37.96,31.81,24.38,35.29,42.53,54.14,35.50,19.30,1.72,50.80,9.65,19.31,29.28,14.63,48.93,22.15,38.66,48.42,4.79,18.03,10.62,16.69,2.56,48.93,7.00,48.84,30.86,36.47,23.84,22.71,33.46,25.14,41.44,24.77,41.77,37.01,0.95,25.60,36.69,21.87,4.25,18.04,46.39,26.74,38.52,0.00,5.82,47.57,42.05,42.70,41.30,32.07,23.59,1.24,37.05,20.81,2.68,23.62,10.04,4.18,9.01,45.01,0.35,7.36,25.56,41.17,16.41,3.24
39.18,27.50,20.81,28.35,30.75,26.52,13.60,12.62,2.96,38.98,26.56,13.64,38.39,28.62,7.84,22.02,11.17,47.31,20.61,29.05,15.35,24.39,9.58,10.55,23.35,4.17,38.93,41.56,21.53,3.48,4.55,3.01,32.14,25.99,30.20,41.11,36.70,48.32,41.32,25.12,4.10,44.98,3.83,25.13,23.46,8.80,43.11,16.33,32.83,42.60,1.03,23.85,4.80,10.87,3.27,43.11,12.82,43.02,25.03,42.29,29.66,16.89,27.64,19.32,47.26,18.95,35.95,31.19,4.87,31.42,30.86,27.69,10.07,12.22,40.57,20.92,44.34,5.82,0.00,41.75,47.87,36.88,35.48,26.25,29.41,4.58,42.87,26.63,3.14,29.44,4.22,10.00,14.84,39.18,5.48,1.53,19.74,46.99,22.23,9.06
80.93,69.25,62.55,70.10,10.99,15.23,28.15,29.13,38.78,2.77,15.19,55.38,80.13,70.37,33.91,19.73,52.92,5.56,21.14,70.80,57.10,17.36,51.33,52.29,65.10,45.92,80.68,0.19,20.22,45.23,46.29,44.76,9.61,15.76,71.95,82.86,5.04,6.57,83.07,66.87,45.85,3.23,37.92,66.88,18.29,32.94,1.36,25.42,8.91,0.85,42.78,65.60,36.95,30.88,45.01,1.36,54.57,1.27,16.71,84.04,71.41,24.86,14.11,22.43,89.01,22.80,5.80,10.56,46.62,73.17,10.88,69.44,51.82,29.53,1.18,20.83,86.09,47.57,41.75,0.00,89.62,4.87,6.27,15.50,71.16,46.33,84.62,68.38,44.89,71.19,37.53,51.75,56.58,2.56,47.22,40.21,22.01,88.74,63.98,50.81
8.69,20.36,27.06,19.52,78.62,74.39,61.47,60.48,50.83,86.85,74.42,34.23,9.48,19.24,55.70,69.89,36.69,95.18,68.48,18.81,32.51,72.25,38.28,37.32,24.51,43.70,8.94,89.43,69.40,44.39,43.32,44.86,80.00,73.86,17.67,6.75,84.57,96.18,6.54,22.74,43.77,92.84,51.69,22.73,71.33,56.67,90.98,64.20,80.70,90.46,46.83,24.02,52.67,58.74,44.60,90.98,35.05,90.89,72.90,5.58,18.21,64.75,75.50,67.18,0.60,66.82,83.82,79.06,43.00,16.45,78.73,20.18,37.79,60.08,88.43,68.79,3.53,42.05,47.87,89.62,0.00,84.75,83.35,74.11,18.46,43.28,4.99,21.24,44.73,18.43,52.09,37.86,33.03,87.05,42.39,49.40,67.60,0.88,25.63,38.81
76.06,64.39,57.69,65.23,6.13,10.36,23.28,24.27,33.92,2.10,10.33,50.52,75.27,65.51,29.05,14.86,48.06,10.43,16.27,65.94,52.24,12.50,46.47,47.43,60.24,41.05,75.82,4.68,15.35,40.36,41.43,39.89,4.75,10.89,67.08,78.00,0.18,11.43,78.21,62.01,40.98,8.09,33.06,62.02,13.42,28.08,6.23,20.55,4.05,5.71,37.92,60.73,32.08,26.01,40.15,6.23,49.70,6.14,11.85,79.17,66.54,20.00,9.25,17.57,84.15,17.93,0.93,5.69,41.75,68.30,6.02,64.57,46.96,24.67,3.68,15.96,81.22,42.70,36.88,4.87,84.75,0.00,1.41,10.64,66.29,41.47,79.76,63.51,40.02,66.32,32.67,46.89,51.72,2.30,42.36,35.35,17.15,83.87,59.12,45.94
74.66,62.98,56.28,63.83,4.72,8.96,21.88,22.86,32.51,3.50,8.92,49.11,73.86,64.10,27.64,13.46,46.65,11.83,14.87,64.53,50.83,11.09,45.06,46.02,58.83,39.65,74.41,6.08,13.95,38.96,40.02,38.49,3.34,9.49,65.68,76.59,1.23,12.84,76.80,60.60,39.58,9.50,31.65,60.61,12.02,26.67,7.63,19.15,2.64,7.12,36.51,59.33,30.68,24.61,38.74,7.63,48.30,7.54,10.44,77.77,65.14,18.59,7.84,16.16,82.74,16.53,0.47,4.29,40.35,66.90,4.61,63.17,45.55,23.26,5.09,14.56,79.82,41.30,35.48,6.27,83.35,1.41,0.00,9.23,64.89,40.06,78.35,62.11,38.62,64.92,31.26,45.48,50.31,3.71,40.95,33.94,15.74,82.47,57.71,44.54
65.43,53.75,47.05,54.59,4.51,0.28,12.64,13.63,23.28,12.74,0.31,39.88,64.63,54.87,18.41,4.22,37.42,21.07,5.63,55.30,41.60,1.86,35.83,36.79,49.60,30.42,65.18,15.31,4.72,29.73,30.79,29.26,5.89,0.26,56.44,67.36,10.46,22.07,67.57,51.37,30.34,18.73,22.42,51.38,2.79,17.44,16.86,9.91,6.59,16.35,27.28,50.10,21.44,15.38,29.51,16.86,39.07,16.78,1.21,68.54,55.90,9.36,1.39,6.93,73.51,7.29,9.70,4.94,31.12,57.67,4.62,53.94,36.32,14.03,14.32,5.33,70.59,32.07,26.25,15.50,74.11,10.64,9.23,0.00,55.66,30.83,69.12,52.88,29.39,55.68,22.03,36.25,41.08,12.94,31.72,24.71,6.51,73.23,48.48,35.30
9.77,1.91,8.60,1.06,60.16,55.93,43.01,42.02,32.37,68.39,55.97,15.77,8.98,0.79,37.24,51.43,18.24,76.72,50.02,0.36,14.06,53.80,19.83,18.86,6.06,25.24,9.52,70.97,50.94,25.93,24.86,26.40,61.54,55.40,0.79,11.71,66.11,77.72,11.91,4.29,25.31,74.39,33.24,4.27,52.87,38.21,72.52,45.74,62.24,72.01,28.38,5.56,34.21,40.28,26.14,72.52,16.59,72.43,54.44,12.88,0.25,46.30,57.05,48.72,17.86,48.36,65.36,60.60,24.54,2.01,60.27,1.72,19.33,41.63,69.98,50.33,14.93,23.59,29.41,71.16,18.46,66.29,64.89,55.66,0.00,24.82,13.46,2.78,26.27,0.03,33.63,19.41,14.57,68.59,23.93,30.94,49.15,17.58,7.18,20.35
34.60,22.92,16.22,23.76,35.34,31.11,18.19,17.20,7.55,43.57,31.14,9.05,33.80,24.04,12.42,26.61,6.59,51.90,25.20,24.47,10.77,28.97,5.00,5.96,18.77,0.42,34.35,46.14,26.12,1.10,0.04,1.57,36.72,30.57,25.61,36.53,41.29,52.90,36.74,20.54,0.49,49.56,8.41,20.55,28.05,13.39,47.70,20.92,37.42,47.18,3.55,19.27,9.39,15.45,1.32,47.70,8.23,47.61,29.62,37.71,25.07,21.47,32.22,23.90,42.68,23.54,40.53,35.78,0.28,26.84,35.45,23.11,5.49,16.80,45.15,25.50,39.76,1.24,4.58,46.33,43.28,41.47,40.06,30.83,24.82,0.00,38.29,22.05,1.44,24.85,8.80,5.42,10.25,43.77,0.89,6.12,24.32,42.40,17.65,4.47
3.69,15.37,22.07,14.52,73.63,69.39,56.47,55.49,45.84,81.86,69.43,29.24,4.49,14.25,50.71,64.90,31.70,90.18,63.49,13.82,27.52,67.26,33.29,32.33,19.52,38.70,3.94,84.43,64.40,39.39,38.33,39.86,75.01,68.86,12.67,1.76,79.58,91.19,1.55,17.75,38.77,87.85,46.70,17.74,66.33,51.68,85.98,59.20,75.71,85.47,41.84,19.02,47.68,53.74,39.61,85.98,30.05,85.90,67.91,0.58,13.21,59.76,70.51,62.19,4.39,61.82,78.82,74.06,38.00,11.45,73.74,15.18,32.80,55.09,83.44,63.79,1.47,37.05,42.87,84.62,4.99,79.76,78.35,69.12,13.46,38.29,0.00,16.24,39.73,13.44,47.09,32.87,28.04,82.06,37.40,44.41,62.61,4.11,20.64,33.82
12.55,0.87,5.82,1.72,57.38,53.15,40.23,39.25,29.59,65.61,53.19,12.99,11.76,1.99,34.47,48.65,15.46,73.94,47.24,2.42,11.28,51.02,17.05,16.08,3.28,22.46,12.30,68.19,48.16,23.15,22.08,23.62,58.77,52.62,3.57,14.48,63.33,74.95,14.69,1.51,22.53,71.61,30.46,1.50,50.09,35.44,69.74,42.96,59.47,69.23,25.60,2.78,31.43,37.50,23.37,69.74,13.81,69.65,51.67,15.66,3.03,43.52,54.27,45.95,20.63,45.58,62.58,57.82,21.76,4.79,57.49,1.06,16.56,38.85,67.20,47.55,17.71,20.81,26.63,68.38,21.24,63.51,62.11,52.88,2.78,22.05,16.24,0.00,23.49,2.81,30.85,16.63,11.80,65.81,21.16,28.17,46.37,20.36,4.40,17.57
36.04,24.36,17.67,25.21,33.89,29.66,16.74,15.76,6.10,42.12,29.70,10.50,35.25,25.48,10.98,25.16,8.03,50.45,23.75,25.91,12.21,27.53,6.44,7.41,20.21,1.03,35.79,44.70,24.67,0.34,1.41,0.13,35.27,29.13,27.06,37.98,39.84,51.46,38.18,21.98,0.96,48.12,6.97,22.00,26.60,11.94,46.25,19.47,35.97,45.74,2.11,20.71,7.94,14.01,0.13,46.25,9.68,46.16,28.17,39.15,26.52,20.03,30.78,22.46,44.13,22.09,39.09,34.33,1.73,28.28,34.00,24.55,6.93,15.36,43.71,24.06,41.20,2.68,3.14,44.89,44.73,40.02,38.62,29.39,26.27,1.44,39.73,23.49,0.00,26.30,7.36,6.86,11.70,42.32,2.34,4.67,22.88,43.85,19.09,5.92
9.74,1.93,8.63,1.09,60.19,55.96,43.04,42.05,32.40,68.42,55.99,15.80,8.95,0.81,37.27,51.46,18.26,76.75,50.05,0.38,14.08,53.82,19.85,18.89,6.08,25.27,9.49,71.00,50.97,25.96,24.89,26.43,61.57,55.43,0.76,11.68,66.14,77.75,11.89,4.31,25.34,74.41,33.26,4.30,52.90,38.24,72.55,45.77,62.27,72.03,28.40,5.59,34.24,40.31,26.17,72.55,16.62,72.46,54.47,12.85,0.22,46.32,57.07,48.75,17.83,48.39,65.39,60.63,24.57,1.98,60.30,1.75,19.36,41.65,70.00,50.36,14.90,23.62,29.44,71.19,18.43,66.32,64.92,55.68,0.03,24.85,13.44,2.81,26.30,0.00,33.66,19.43,14.60,68.62,23.96,30.97,49.17,17.55,7.20,20.38
43.40,31.72,25.02,32.57,26.54,22.30,9.38,8.40,1.25,34.76,22.34,17.85,42.60,32.84,3.62,17.80,15.39,43.09,16.39,33.27,19.57,20.17,13.80,14.76,27.57,8.39,43.15,37.34,17.31,7.70,8.76,7.23,27.92,21.77,34.42,45.33,32.49,44.10,45.54,29.34,8.32,40.76,0.39,29.35,19.24,4.59,38.89,12.11,28.62,38.38,5.25,28.07,0.58,6.65,7.48,38.89,17.04,38.80,20.82,46.51,33.88,12.67,23.42,15.10,51.48,14.73,31.73,26.97,9.09,35.64,26.65,31.91,14.29,8.00,36.35,16.70,48.56,10.04,4.22,37.53,52.09,32.67,31.26,22.03,33.63,8.80,47.09,30.85,7.36,33.66,0.00,14.22,19.05,34.97,9.69,2.68,15.52,51.21,26.45,13.28
29.18,17.50,10.80,18.34,40.76,36.53,23.61,22.62,12.97,48.99,36.56,3.63,28.38,18.62,17.84,32.03,1.17,57.32,30.62,19.05,5.35,34.39,0.42,0.54,13.35,5.83,28.93,51.56,31.53,6.52,5.46,6.99,42.14,35.99,20.19,31.11,46.71,58.32,31.32,15.12,5.90,54.98,13.83,15.13,33.46,18.81,53.11,26.33,42.84,52.60,8.97,13.85,14.81,20.87,6.74,53.11,2.82,53.03,35.04,32.29,19.66,26.89,37.64,29.32,37.26,28.95,45.95,41.19,5.13,21.42,40.87,17.69,0.07,22.22,50.57,30.92,34.34,4.18,10.00,51.75,37.86,46.89,45.48,36.25,19.41,5.42,32.87,16.63,6.86,19.43,14.22,0.00,4.83,49.19,4.53,11.54,29.74,36.98,12.23,0.95
24.35,12.67,5.97,13.51,45.59,41.36,28.44,27.45,17.80,53.82,41.39,1.20,23.55,13.79,22.67,36.86,3.66,62.15,35.45,14.22,0.52,39.22,5.25,4.29,8.52,10.67,24.10,56.39,36.37,11.35,10.29,11.82,46.97,40.83,15.36,26.28,51.54,63.15,26.49,10.29,10.74,59.81,18.66,10.30,38.30,23.64,57.95,31.17,47.67,57.43,13.80,9.01,19.64,25.70,11.57,57.95,2.02,57.86,39.87,27.45,14.82,31.72,42.47,34.15,32.43,33.79,50.79,46.03,9.97,16.59,45.70,12.85,4.76,27.05,55.40,35.76,29.51,9.01,14.84,56.58,33.03,51.72,50.31,41.08,14.57,10.25,28.04,11.80,11.70,14.60,19.05,4.83,0.00,54.02,9.36,16.37,34.57,32.15,7.40,5.78
78.37,66.69,59.99,67.53,8.43,12.66,25.58,26.57,36.22,0.20,12.63,52.82,77.57,67.81,31.35,17.16,50.36,8.13,18.57,68.24,54.54,14.80,48.77,49.73,62.54,43.35,78.12,2.37,17.65,42.67,43.73,42.19,7.05,13.19,69.38,80.30,2.48,9.13,80.51,64.31,43.28,5.79,35.36,64.32,15.72,30.38,3.93,22.85,6.35,3.41,40.22,63.03,34.38,28.32,42.45,3.93,52.00,3.84,14.15,81.47,68.84,22.30,11.55,19.87,86.45,20.23,3.23,7.99,44.05,70.61,8.32,66.87,49.26,26.97,1.38,18.26,83.53,45.01,39.18,2.56,87.05,2.30,3.71,12.94,68.59,43.77,82.06,65.81,42.32,68.62,34.97,49.19,54.02,0.00,44.66,37.65,19.45,86.17,61.42,48.24
33.71,22.03,15.33,22.87,36.23,32.00,19.08,18.09,8.44,44.46,32.03,8.16,32.91,23.15,13.31,27.50,5.70,52.79,26.09,23.58,9.88,29.86,4.11,5.07,17.88,1.31,33.46,47.03,27.01,1.99,0.93,2.47,37.61,31.47,24.72,35.64,42.18,53.79,35.85,19.65,1.38,50.45,9.30,19.66,28.94,14.28,48.59,21.81,38.31,48.07,4.44,18.37,10.28,16.34,2.21,48.59,7.34,48.50,30.51,36.81,24.18,22.36,33.11,24.79,41.79,24.43,41.43,36.67,0.61,25.95,36.34,22.21,4.60,17.69,46.04,26.40,38.87,0.35,5.48,47.22,42.39,42.36,40.95,31.72,23.93,0.89,37.40,21.16,2.34,23.96,9.69,4.53,9.36,44.66,0.00,7.01,25.21,41.51,16.76,3.58
40.72,29.04,22.34,29.88,29.22,24.99,12.07,11.08,1.43,37.45,25.02,15.17,39.92,30.16,6.30,20.49,12.71,45.78,19.08,30.59,16.89,22.85,11.12,12.08,24.89,5.70,40.47,40.02,20.00,5.02,6.08,4.54,30.60,24.46,31.73,42.65,35.17,46.78,42.86,26.66,5.63,43.44,2.29,26.67,21.93,7.27,41.58,14.80,31.30,41.06,2.57,25.38,3.27,9.33,4.80,41.58,14.35,41.49,23.50,43.82,31.19,15.35,26.10,17.78,48.80,17.42,34.42,29.66,6.40,32.96,29.33,29.22,11.61,10.68,39.03,19.39,45.88,7.36,1.53,40.21,49.40,35.35,33.94,24.71,30.94,6.12,44.41,28.17,4.67,30.97,2.68,11.54,16.37,37.65,7.01,0.00,18.20,48.52,23.77,10.59
58.92,47.24,40.54,48.08,11.02,6.79,6.13,7.12,16.77,19.25,6.82,33.37,58.12,48.36,11.90,2.29,30.91,27.58,0.88,48.79,35.09,4.65,29.32,30.28,43.09,23.91,58.67,21.82,1.79,23.22,24.28,22.75,12.40,6.25,49.93,60.85,16.97,28.58,61.06,44.86,23.83,25.24,15.91,44.87,3.72,10.93,23.37,3.40,13.10,22.86,20.77,43.59,14.93,8.87,23.00,23.37,32.56,23.29,5.30,62.03,49.39,2.85,7.90,0.42,67.00,0.78,16.21,11.45,24.61,51.16,11.13,47.43,29.81,7.52,20.83,1.18,64.08,25.56,19.74,22.01,67.60,17.15,15.74,6.51,49.15,24.32,62.61,46.37,22.88,49.17,15.52,29.74,34.57,19.45,25.21,18.20,0.00,66.72,41.97,28.79
7.81,19.49,26.18,18.64,77.74,73.51,60.59,59.60,49.95,85.97,73.54,33.35,8.60,18.36,54.82,69.01,35.81,94.30,67.60,17.93,31.63,71.37,37.40,36.44,23.63,42.82,8.06,88.55,68.52,43.51,42.44,43.98,79.12,72.98,16.79,5.87,83.69,95.30,5.66,21.87,42.89,91.96,50.82,21.85,70.45,55.79,90.10,63.32,79.82,89.58,45.95,23.14,51.79,57.86,43.72,90.10,34.17,90.01,72.02,4.70,17.33,63.88,74.62,66.30,0.28,65.94,82.94,78.18,42.12,15.57,77.85,19.30,36.91,59.20,87.55,67.91,2.65,41.17,46.99,88.74,0.88,83.87,82.47,73.23,17.58,42.40,4.11,20.36,43.85,17.55,51.21,36.98,32.15,86.17,41.51,48.52,66.72,0.00,24.75,37.93
16.95,5.27,1.43,6.12,52.99,48.76,35.84,34.85,25.20,61.22,48.79,8.60,16.15,6.39,30.07,44.26,11.06,69.55,42.85,6.82,6.88,46.62,12.65,11.69,1.12,18.06,16.70,63.79,43.76,18.75,17.69,19.22,54.37,48.22,7.96,18.88,58.94,70.55,19.09,2.89,18.13,67.21,26.06,2.90,45.69,31.04,65.34,38.56,55.07,64.83,21.20,1.62,27.04,33.10,18.97,65.34,9.41,65.26,47.27,20.06,7.43,39.12,49.87,41.55,25.03,41.18,58.18,53.42,17.36,9.19,53.10,5.46,12.16,34.45,62.80,43.15,22.11,16.41,22.23,63.98,25.63,59.12,57.71,48.48,7.18,17.65,20.64,4.40,19.09,7.20,26.45,12.23,7.40,61.42,16.76,23.77,41.97,24.75,0.00,13.18
30.12,18.44,11.75,19.29,39.81,35.58,22.66,21.67,12.02,48.04,35.61,4.58,29.33,19.57,16.89,31.08,2.12,56.37,29.67,20.00,6.30,33.44,0.53,1.49,14.30,4.89,29.87,50.62,30.59,5.58,4.51,6.05,41.19,35.05,21.14,32.06,45.76,57.37,32.27,16.06,4.96,54.03,12.89,16.08,32.52,17.86,52.17,25.39,41.89,51.65,8.02,14.79,13.86,19.93,5.79,52.17,3.76,52.08,34.09,33.23,20.60,25.95,36.69,28.37,38.21,28.01,45.01,40.25,4.19,22.36,39.92,18.63,1.02,21.27,49.62,29.98,35.28,3.24,9.06,50.81,38.81,45.94,44.54,35.30,20.35,4.47,33.82,17.57,5.92,20.38,13.28,0.95,5.78,48.24,3.58,10.59,28.79,37.93,13.18,0.00
