2.1266
1.5742
2.7948
3.3367
4.4065
2.5006
3.5144
5.5938
5.3576
4.0197
3.9702
3.3224
4.5273
5.1120
5.0300
3.8608
4.8649
4.6322
4.1226
5.2810
3.7599
1.6785
4.0249
3.4523
2.2288
1.5683
1.8685
4.0806
2.3244
1.4584
3.7004
3.4204
0.8264
2.5521
3.4730
2.8319
2.3394
2.8430
0.7223
2.5741
2.1528
3.2645
4.5861
3.9413
4.3947
3.4781
5.2167
4.8227
5.1987
5.6619
4.9309
6.2089
6.5456
6.7775
5.4563
6.4729
6.4268
5.7725
7.0235
3.0161
3.1004
4.2760
3.3208
3.8611
1.2921
3.1630
3.5102
1.7541
2.5806
2.9011
2.9986
2.2016
1.6894
3.1805
2.4894
3.0104
3.2995
2.0315
4.3984
2.6381
3.9821
3.7094
3.2305
2.8291
5.4948
5.2802
4.5765
3.9854
3.7142
4.9250
5.7255
5.3187
4.3667
5.1686
5.3036
4.5375
5.5853
2.4182
2.3360
3.9747
2.9804
2.6878
2.0335
1.8991
3.0648
1.4483
1.6886
2.3893
2.1102
1.5193
1.6178
2.4518
2.3717
2.1134
2.1587
1.3691
3.2470
2.2826
2.1422
2.8269
1.2759
3.2366
3.2676
3.2008
5.2292
3.3100
5.0211
4.8424
5.8918
3.6998
4.7646
5.6866
4.8058
6.4305
3.4496
2.5996
1.6472
2.0685
4.1074
2.3379
1.9122
2.4400
2.5565
2.3882
3.1516
3.5634
3.2237
2.6837
1.9220
1.4903
2.0875
1.9506
2.3423
3.9412
4.1378
2.1034
3.3154
4.1542
4.2927
2.0428
5.1657
2.7262
4.1851
3.4194
5.5647
2.6565
4.1866
4.6470
4.0553
6.1236
5.3743
2.8807
2.3232
3.3378
4.3754
3.3513
2.8174
4.6406
4.2618
3.1297
5.1594
5.2206
3.7774
4.4373
4.0335
3.3439
3.0445
3.3993
3.1597
3.5907
4.8610
1.3585
2.8663
3.0625
4.9579
6.8907
5.1698
6.8500
6.6176
7.5112
5.5687
6.4274
7.6585
6.6724
8.0889
3.0837
4.3408
2.4064
2.4572
5.8161
3.4886
3.6011
1.3562
3.0818
4.0765
2.7150
3.7235
4.7132
2.9450
1.7422
2.0250
3.3143
2.9721
3.9205
5.8850
3.8876
5.5510
5.5628
2.7800
3.5135
1.8064
3.2739
3.6212
3.7320
2.1748
3.0317
3.6116
3.2353
4.2127
5.2362
1.9114
3.7907
4.1714
2.7296
3.4012
1.8714
4.8380
4.0608
2.5823
5.1189
4.9501
2.9536
4.3341
4.2327
3.7699
2.8716
3.3861
2.5255
2.0764
3.1968
3.2256
4.0073
5.7201
4.1389
5.6572
5.5694
6.7059
4.5300
5.5965
6.4137
5.3957
7.2059
2.6684
3.5166
1.8223
1.5215
4.7392
2.8656
2.7704
1.6711
2.3765
2.9189
2.3322
2.9549
3.7538
2.4367
0.9872
1.4444
2.5627
1.7238
3.0108
4.7753
0.9200
4.3245
7.9290
5.4374
7.0426
6.0157
8.3375
5.5344
6.5828
7.8910
6.9722
8.9336
5.3714
5.0844
2.3431
3.5775
6.9063
4.4788
4.8236
3.7069
4.9875
5.0561
4.9555
5.7301
5.9363
4.7804
3.7982
3.2413
4.3392
4.5753
5.0937
6.4964
4.2904
7.7419
5.3868
6.8921
5.9453
8.3382
5.5148
6.6238
7.6892
6.7618
8.8600
5.1399
4.9241
2.5515
3.4550
6.6590
4.1981
4.7842
3.6822
4.6996
4.7610
4.7348
5.4496
5.6636
4.5303
3.6682
3.0494
4.2686
4.4079
4.8798
6.2647
4.7607
2.0331
3.0779
1.8614
5.4398
1.6374
3.5045
3.8299
3.1560
5.8564
5.8950
3.1212
2.9787
3.8437
4.3735
4.0522
3.4586
5.2004
4.9977
3.3589
5.6648
5.5881
4.2234
5.0148
4.5254
3.8134
3.3013
3.9856
3.7415
3.3203
3.0596
2.5493
4.6097
3.2704
3.5089
3.6407
2.7006
2.4486
3.0117
5.7901
3.7022
6.2047
5.7253
2.4088
5.2294
3.8610
6.2892
5.2001
3.6639
5.8372
5.0907
3.7094
5.3790
5.5346
5.5070
4.3106
4.6317
4.0493
2.1663
2.0753
2.5291
3.5361
0.8456
2.0041
3.0197
2.4368
3.9352
5.4603
2.1223
3.9215
4.2806
3.0709
3.9584
2.4970
4.9868
4.6167
2.9180
5.3160
5.0974
3.4763
4.6716
4.3667
3.8941
2.7542
3.7799
3.1630
1.8826
2.2179
4.0373
1.8873
2.8955
1.4912
1.1424
4.0275
6.5730
3.7700
5.4165
5.4551
3.5907
5.3829
4.2583
6.5994
5.8452
3.9517
6.5252
5.9630
4.4268
5.9981
5.7716
5.4701
4.3736
4.8573
4.5058
2.3733
5.3940
1.7674
3.4853
2.9127
2.6053
5.6326
7.1641
4.2078
4.6407
5.2610
4.8961
5.4771
4.7456
6.7478
6.3126
4.4945
7.0164
6.7120
5.1880
6.4268
5.9713
5.4235
4.6551
5.2056
4.9943
3.5914
3.9810
2.4780
4.4020
4.5966
0.9594
7.3436
4.0504
6.9945
7.2047
3.9630
6.1831
4.2387
7.0020
6.5790
5.3028
7.3019
7.0370
5.1918
6.6760
6.6966
6.4561
5.0753
6.2146
5.1507
3.3765
2.2022
2.8156
2.3425
4.3563
6.0374
2.7514
3.9991
4.5325
3.6161
4.4068
3.1677
5.5385
5.1623
3.4027
5.8832
5.6512
4.0066
5.2485
4.8622
4.3609
3.3322
4.1954
3.7167
2.3719
3.8305
3.6718
3.0239
6.9233
3.4677
5.4374
6.0578
4.1868
5.5978
3.7082
6.1601
6.1808
4.6612
6.7732
6.6588
5.0857
6.2228
5.7845
5.4400
4.2372
5.3938
4.7626
3.0592
1.2950
4.2176
7.1696
4.2634
6.1475
6.0758
3.5225
5.6802
4.8032
7.4421
6.2265
4.2187
7.1465
6.4460
4.4898
6.4773
6.5331
6.1628
5.1034
5.3912
4.7582
2.4921
4.5522
6.1757
3.7615
5.2168
5.0384
3.2575
5.0141
4.1402
6.4460
5.3877
3.4019
6.1329
5.4456
3.9375
5.5898
5.4970
5.2120
4.2646
4.3938
4.1104
2.2011
7.6220
4.4443
7.5484
7.6064
3.9132
6.5281
4.7391
7.5001
6.8613
5.5221
7.6189
7.2313
5.3546
7.0017
7.1159
6.9088
5.5407
6.5380
5.4557
3.4519
4.3600
4.2989
2.7957
4.8100
3.3284
3.8126
2.2517
1.7549
3.4339
0.5496
1.1036
3.6381
1.6925
1.8600
2.6515
3.4293
2.5436
3.4323
5.3903
3.7438
3.7234
2.5082
2.2469
1.3532
3.9960
3.2258
2.0597
4.2226
4.1629
2.0548
3.2226
3.5726
2.7897
1.7493
3.2843
1.6097
2.0616
1.9162
5.2917
3.2724
3.3559
3.2287
3.6698
3.4165
3.9697
4.3972
4.3283
3.6856
2.7003
2.2560
3.0167
2.8019
3.5653
4.9090
4.7932
2.6661
3.3616
2.7564
2.4595
2.7415
2.5456
2.7413
3.4698
2.4241
1.8461
1.7214
2.6870
1.9141
2.9938
4.7523
3.5513
2.6791
5.2770
3.7429
2.2653
4.8077
4.2326
2.1327
4.0375
4.5638
4.3373
3.4951
3.6738
2.3859
1.8940
2.3873
3.3378
1.9552
1.9807
3.1452
3.2567
1.8547
1.8604
2.8903
1.8495
2.1535
2.8367
1.3270
3.7318
3.2795
2.7829
1.9623
3.6201
3.6902
2.2987
2.8323
2.8787
2.4478
1.6796
2.6226
1.5458
2.6565
2.5899
3.7655
1.8961
2.9873
4.2877
2.3306
1.2540
1.8729
2.9637
2.8261
3.5980
5.4949
2.2344
1.7074
1.8151
2.4156
1.2697
1.9088
2.0858
2.8434
1.8655
2.1144
4.3166
3.3035
2.8983
1.4428
2.4718
2.8747
2.4395
2.2022
1.9978
1.1333
2.4668
1.2651
3.6095
1.4761
1.5307
2.2995
3.2035
2.4411
3.2941
5.3331
3.1085
1.7678
2.2534
2.8400
3.2937
2.3347
3.1030
4.8378
2.4750
3.6054
3.0190
2.3965
2.9701
1.0109
2.5907
1.9875
1.6805
2.3201
2.5048
2.1298
4.5121
1.5216
2.6307
1.6686
2.9946
4.7789
1.7378
2.2802
2.2915
4.2957
2.8473
1.8394
3.1840
2.5185
3.9198
2.7226
