0.00,71.50,28.11,13.08,89.49,42.74,1.59,19.13,71.58,19.02,60.38,38.15,53.27,36.22,69.62,23.13,68.42,58.85,61.89,38.29,92.01,74.67,55.73,54.62,37.21,36.17,61.40,73.66,21.29,72.76,13.31,27.63,70.88,90.37,67.65,30.06,39.45,39.47,55.07,38.13,39.03,94.42,40.65,55.41,53.50,15.04,16.47,39.80,5.47,81.78,43.76,60.26,16.43,54.61,20.74,30.19,50.41,13.44,63.83,22.42,73.79,60.76,81.11,48.17,106.57,21.79,24.09,76.49,83.73,40.67,40.77,67.65,15.31,33.96,69.20,63.72,9.75,54.57,100.14,69.54,48.10,28.55,84.66,29.60,65.81,28.36,55.92,5.06,63.34,66.19,72.99,35.34,8.44,52.27,43.80,53.61,71.84,64.17,55.67,78.90
71.50,0.00,43.50,70.67,28.36,64.42,72.28,65.31,52.64,86.16,60.55,41.66,34.07,74.07,91.01,48.74,42.66,17.67,41.90,41.08,32.09,5.74,40.85,66.33,53.67,36.08,17.84,3.65,91.67,81.81,83.33,48.54,5.43,38.93,10.57,66.84,41.77,40.63,17.54,34.70,87.40,53.14,33.29,22.49,47.12,86.53,55.09,37.50,66.04,35.36,81.68,42.49,66.19,17.39,58.34,41.84,66.13,81.33,31.80,55.20,81.37,16.92,32.59,64.39,55.92,58.57,92.82,32.64,26.14,48.34,31.43,30.07,86.66,76.00,60.22,96.35,74.43,22.48,49.00,38.77,46.19,43.50,22.24,60.14,75.74,45.74,64.30,69.04,30.12,14.00,5.99,78.34,79.63,19.65,31.34,21.17,83.53,61.12,16.25,59.26
28.11,43.50,0.00,29.96,63.73,40.87,28.81,24.78,56.35,44.35,51.25,16.79,32.53,43.26,72.41,5.36,49.97,32.49,44.05,20.11,66.64,46.97,38.07,50.09,29.34,8.40,33.90,45.57,48.23,69.92,40.52,14.88,42.78,66.99,39.67,34.56,22.12,21.19,26.98,12.95,53.43,74.26,13.70,30.04,39.13,43.09,12.04,15.59,22.65,58.96,52.29,42.87,24.70,27.02,18.05,3.00,47.10,38.09,42.04,15.29,70.39,33.09,57.66,44.55,84.33,21.90,49.68,51.32,58.39,24.60,14.19,42.56,43.38,43.38,57.65,71.69,31.29,29.02,77.45,49.55,30.16,2.39,58.40,25.32,62.45,11.44,49.92,26.21,38.43,38.43,44.88,45.69,36.40,24.16,19.50,27.30,70.15,54.33,28.01,64.54
13.08,70.67,29.96,0.00,84.88,30.60,14.59,30.75,61.79,15.65,49.12,44.13,46.83,23.15,56.54,26.48,60.02,55.79,53.52,32.47,86.99,72.94,47.66,42.50,27.35,38.31,63.64,73.32,30.08,60.02,15.00,22.59,71.05,83.90,68.73,17.49,33.02,33.48,55.87,35.98,27.02,86.07,43.65,51.67,44.26,21.80,18.56,44.56,13.48,75.16,30.77,51.80,28.23,53.29,30.20,32.76,38.20,25.33,57.28,30.79,61.11,62.71,74.90,36.12,99.09,13.35,34.12,81.14,78.86,48.79,39.27,72.33,20.11,20.91,58.30,50.87,22.81,51.02,93.04,61.80,55.94,31.36,80.65,40.17,53.23,24.97,44.06,8.60,68.12,67.90,73.18,22.38,14.58,52.74,40.31,50.79,58.99,52.96,54.42,68.60
89.49,28.36,63.73,84.88,0.00,68.03,90.62,88.02,41.96,100.37,56.13,67.11,38.65,80.38,86.61,69.04,34.03,31.25,37.77,52.41,3.75,22.62,41.01,64.82,60.91,58.32,46.05,30.03,110.71,74.34,99.30,62.63,33.45,13.67,38.90,75.40,51.94,51.41,43.15,51.65,94.21,29.45,57.47,34.13,47.18,104.19,73.43,62.72,84.28,16.54,85.86,39.31,88.29,37.80,80.99,63.10,66.46,101.27,29.24,77.91,73.39,44.97,14.36,65.67,28.13,71.57,112.83,59.31,6.15,74.88,49.60,58.14,103.59,83.25,51.37,95.42,94.68,35.03,21.64,29.79,73.76,64.59,6.16,84.96,70.25,61.22,62.13,85.88,58.46,42.35,32.99,85.28,96.73,43.87,45.70,36.44,76.77,54.87,37.11,45.22
42.74,64.42,40.87,30.60,68.03,0.00,44.33,56.27,34.48,41.36,19.35,57.54,31.23,13.17,31.56,41.55,36.29,46.78,30.82,25.49,69.02,64.23,27.04,11.91,12.21,46.17,65.51,67.89,60.36,30.62,44.22,25.99,67.10,62.77,67.22,13.24,24.00,25.35,55.96,35.94,26.52,60.65,51.46,41.94,20.92,51.86,36.94,55.55,40.64,54.34,17.93,29.11,54.35,49.08,52.59,43.59,7.67,55.77,38.89,51.48,31.47,64.09,55.10,5.53,75.01,22.74,64.62,86.34,61.94,65.40,39.18,78.50,49.68,16.63,28.87,32.72,52.28,41.96,70.01,39.58,70.95,43.24,65.62,62.61,23.35,29.50,13.55,37.69,75.00,67.94,69.01,18.14,45.06,52.80,35.07,43.62,30.22,23.16,50.12,39.93
1.59,72.28,28.81,14.59,90.62,44.33,0.00,18.26,73.10,19.51,61.96,38.21,54.60,37.73,71.12,23.73,69.86,59.88,63.33,39.61,93.16,75.54,57.16,56.21,38.75,36.76,61.86,74.38,20.10,74.33,13.43,28.96,71.56,91.65,68.23,31.63,40.81,40.80,55.71,39.15,40.27,95.84,41.10,56.51,55.00,14.28,17.39,40.03,6.36,83.08,45.20,61.71,15.54,55.48,20.38,30.78,52.00,11.91,65.14,22.26,75.37,61.26,82.37,49.76,107.91,23.33,22.72,76.61,84.88,40.38,41.72,67.78,14.85,35.43,70.76,65.11,8.22,55.65,101.46,70.93,47.82,29.13,85.74,28.90,67.39,29.57,57.51,6.65,63.47,66.70,73.65,36.77,8.26,52.96,44.92,54.63,73.41,65.75,56.53,80.44
19.13,65.31,24.78,30.75,88.02,56.27,18.26,0.00,79.27,37.60,71.27,25.32,56.81,52.80,85.83,19.92,73.90,56.84,67.69,42.92,91.06,69.61,61.51,67.53,47.50,29.83,51.54,66.64,29.84,86.89,31.06,33.79,63.30,91.76,58.98,45.24,44.70,44.13,47.79,37.70,57.66,98.79,32.03,54.74,61.27,28.72,20.01,28.62,17.30,83.74,61.13,66.33,2.72,50.47,7.05,24.95,63.70,19.19,66.66,10.18,87.70,51.34,82.44,61.22,109.11,33.53,29.26,62.66,82.87,24.30,38.87,54.11,30.65,51.18,79.03,81.38,13.25,53.70,102.23,73.88,31.59,23.54,82.46,10.95,79.57,32.25,68.20,22.28,49.89,56.73,65.26,52.90,25.64,45.77,44.24,51.77,86.42,74.79,51.32,87.25
71.58,52.64,56.35,61.79,41.96,34.48,73.10,79.27,0.00,74.89,16.59,69.17,25.26,47.56,44.99,60.01,9.98,38.24,13.01,36.51,41.43,49.41,18.38,26.37,34.57,56.57,62.99,56.20,91.69,32.39,76.59,45.70,57.40,32.21,60.37,46.37,34.64,35.34,54.42,44.55,60.16,26.41,59.70,35.28,18.21,83.57,59.67,65.46,67.78,25.54,50.00,13.74,78.22,45.43,73.48,57.77,29.55,85.00,21.18,71.18,31.45,61.41,27.60,29.96,41.17,49.84,95.33,83.29,36.89,78.26,45.57,77.86,81.86,51.09,9.48,54.99,79.93,36.17,37.02,14.04,81.13,58.44,42.30,81.67,28.70,47.03,23.53,66.73,75.81,62.71,58.56,52.45,76.18,52.43,38.88,39.22,34.84,14.00,45.86,8.25
19.02,86.16,44.35,15.65,100.37,41.36,19.51,37.60,74.89,0.00,60.70,56.64,62.07,30.11,60.88,40.13,74.23,71.44,67.85,47.99,102.39,88.54,62.23,52.65,41.36,52.75,78.26,88.73,21.92,67.52,7.01,38.24,86.34,98.89,83.77,28.57,48.43,48.96,70.93,51.51,25.98,100.07,57.79,67.31,58.18,14.00,32.38,57.83,23.31,90.13,34.42,66.09,34.88,68.80,39.76,46.92,48.34,23.45,72.40,41.35,68.84,77.43,90.02,46.75,113.55,28.81,26.90,94.68,94.32,59.66,54.73,85.81,10.96,26.68,70.19,52.05,25.40,66.67,107.72,76.37,67.07,45.39,96.24,48.38,61.59,40.55,54.74,18.51,81.53,82.73,88.47,26.76,12.18,67.88,55.96,66.44,65.91,64.52,69.93,81.06
60.38,60.55,51.25,49.12,56.13,19.35,61.96,71.27,16.59,60.70,0.00,66.49,27.32,31.89,31.06,53.68,22.11,43.67,19.35,31.58,56.24,58.64,19.84,9.79,23.83,53.93,66.87,64.20,79.17,21.49,63.30,37.85,64.50,48.02,66.22,32.31,29.54,30.72,57.45,41.88,43.87,42.92,58.26,39.42,14.28,70.76,51.27,63.47,57.42,40.47,33.51,18.34,69.76,48.94,66.42,53.38,13.25,73.74,29.67,64.64,21.30,65.31,42.00,14.17,57.75,38.90,83.22,87.99,50.48,75.26,44.09,81.30,68.72,35.50,9.53,39.33,69.50,39.95,53.56,26.36,79.50,53.59,55.27,75.71,15.21,40.31,6.95,55.34,78.52,67.88,66.05,36.61,63.70,54.78,37.98,42.59,23.01,3.85,49.71,20.75
38.15,41.66,16.79,44.13,67.11,57.54,38.21,25.32,69.17,56.64,66.49,0.00,44.04,59.88,89.10,18.00,61.42,37.52,56.28,34.92,70.50,46.57,50.89,66.30,45.79,12.70,26.43,42.44,54.55,86.02,51.45,31.62,38.89,73.40,34.17,51.18,36.95,35.77,24.36,24.90,69.37,83.32,10.14,37.20,53.35,51.71,25.68,4.40,33.35,66.38,68.91,55.43,26.94,29.71,19.13,13.96,63.53,43.76,51.68,16.40,86.39,26.40,64.49,61.00,91.26,38.31,54.46,38.41,62.73,9.09,23.61,29.61,52.89,59.78,71.92,88.45,37.04,36.08,84.15,60.00,13.41,14.50,61.15,18.51,78.59,28.04,65.89,38.20,25.30,31.67,40.72,62.03,46.47,23.24,30.30,33.35,86.42,69.25,30.22,77.42
53.27,34.07,32.53,46.83,38.65,31.23,54.60,56.81,25.26,62.07,27.32,44.04,0.00,42.50,57.05,36.93,17.56,16.60,12.27,14.98,40.42,33.20,7.77,32.28,22.41,31.57,39.70,37.68,74.50,48.80,61.62,25.65,37.56,37.23,38.95,36.86,13.94,13.80,30.44,19.92,56.32,42.04,34.45,12.14,13.24,67.26,38.61,40.24,48.52,28.55,49.05,11.62,56.22,21.72,50.42,33.47,32.12,66.09,10.57,47.79,48.59,38.12,28.10,30.50,53.35,33.48,77.31,60.74,32.52,53.14,20.46,54.31,66.27,45.09,29.57,62.39,60.10,12.63,46.87,17.08,55.87,34.38,35.26,57.65,42.24,25.43,30.34,49.06,51.79,40.56,39.24,47.25,59.67,28.01,13.79,15.33,50.22,28.70,22.44,33.47
36.22,74.07,43.26,23.15,80.38,13.17,37.73,52.80,47.56,30.11,31.89,59.88,42.50,0.00,33.40,42.28,49.37,56.78,43.71,33.22,81.58,74.59,39.44,22.98,20.51,50.18,72.54,77.37,50.77,37.72,34.24,29.29,76.11,75.73,75.44,8.70,32.33,33.52,63.32,42.20,13.85,73.80,55.79,51.96,33.69,42.22,35.79,58.80,35.75,67.22,9.04,41.97,50.48,57.64,50.69,46.24,18.82,48.05,51.13,50.35,38.96,71.26,67.84,17.75,88.18,21.64,55.40,92.60,74.25,66.61,45.73,84.27,39.66,3.63,41.39,29.03,45.96,51.77,83.15,52.51,73.00,45.43,77.58,60.96,31.52,33.07,25.36,31.52,80.43,75.66,78.12,5.00,36.29,60.05,43.19,52.91,36.37,35.56,58.75,52.64
69.62,91.01,72.41,56.54,86.61,31.56,71.12,85.83,44.99,60.88,31.06,89.10,57.05,33.40,0.00,72.86,52.71,73.65,50.42,56.11,86.34,89.47,50.21,24.90,43.51,77.61,95.24,94.64,82.63,14.26,66.28,57.53,94.61,77.14,95.73,40.59,54.35,55.72,85.63,66.86,35.57,68.50,82.80,69.09,43.89,74.27,67.57,87.06,69.01,70.43,26.59,49.35,83.61,77.82,83.05,75.15,26.25,81.14,60.70,82.28,15.80,93.74,72.29,28.60,83.35,53.00,87.50,116.37,81.17,96.90,69.87,108.95,71.45,35.81,35.53,13.43,79.35,69.43,80.68,57.08,102.51,74.78,86.15,93.26,16.36,61.06,26.72,64.92,105.68,96.99,96.29,34.83,69.11,82.64,64.89,71.73,11.33,31.77,78.73,44.59
23.13,48.74,5.36,26.48,69.04,41.55,23.73,19.92,60.01,40.13,53.68,18.00,36.93,42.28,72.86,0.00,54.15,37.81,48.06,23.50,71.92,52.29,41.94,51.58,30.76,13.04,38.38,50.72,42.94,71.41,35.86,16.03,47.84,72.04,44.52,33.65,25.41,24.67,31.99,17.88,51.37,78.88,17.71,35.23,42.35,38.01,7.93,18.08,17.72,63.91,51.30,46.77,19.60,32.37,13.54,7.06,48.27,32.75,46.74,11.18,71.99,37.68,62.70,45.72,89.27,20.64,44.33,54.76,63.65,24.35,19.45,45.92,38.44,41.95,60.64,71.14,25.93,34.23,82.43,54.00,30.77,5.42,63.73,22.05,63.94,13.39,51.70,21.71,41.68,43.09,49.93,44.17,31.51,29.27,24.39,32.60,71.42,56.94,33.36,68.12
68.42,42.66,49.97,60.02,34.03,36.29,69.86,73.90,9.98,74.23,22.11,61.42,17.56,49.37,52.71,54.15,0.00,28.58,6.54,31.11,34.15,39.50,12.71,31.09,32.88,49.06,53.35,46.22,89.23,41.10,75.02,41.29,47.43,26.60,50.47,46.41,29.51,29.89,45.04,37.48,62.79,26.09,51.62,26.00,16.13,81.46,54.99,57.49,64.11,18.53,53.43,8.23,73.13,36.06,67.69,51.01,33.23,81.65,11.35,65.16,40.34,51.78,19.91,32.88,39.36,47.20,92.48,73.45,28.47,70.50,37.93,68.22,80.07,52.66,18.25,61.44,76.07,26.97,33.88,4.41,72.83,51.88,33.49,75.18,36.40,41.89,28.32,63.82,66.33,52.88,48.58,54.37,73.91,43.26,31.31,30.05,43.32,20.94,36.41,17.22
58.85,17.67,32.49,55.79,31.25,46.78,59.88,56.84,38.24,71.44,43.67,37.52,16.60,56.78,73.65,37.81,28.58,0.00,26.08,24.35,34.22,17.86,23.83,48.86,36.28,27.38,24.78,21.21,79.89,65.12,69.51,33.20,20.95,35.91,22.65,49.91,24.72,23.71,16.80,20.72,70.29,46.36,27.44,4.85,29.82,73.77,42.53,33.16,53.52,28.96,64.16,26.28,57.05,8.23,49.85,31.90,48.51,70.21,17.25,46.79,64.82,23.21,26.98,46.73,53.75,42.95,81.80,45.17,26.03,46.09,18.40,39.64,73.43,58.89,44.59,78.69,63.55,5.03,46.65,25.60,46.74,33.36,25.97,54.49,58.74,31.09,46.94,55.61,37.80,24.64,22.65,61.19,66.45,15.65,15.49,5.26,66.66,44.67,8.21,45.79
61.89,41.90,44.05,53.52,37.77,30.82,63.33,67.69,13.01,67.85,19.35,56.28,12.27,43.71,50.42,48.06,6.54,26.08,0.00,24.80,38.42,39.54,6.24,27.20,26.48,43.74,50.58,45.54,82.69,40.06,68.53,34.83,46.24,32.03,48.63,40.25,23.13,23.58,41.75,31.86,57.32,32.62,46.72,22.65,10.06,74.93,48.61,52.51,57.61,23.53,48.37,1.78,66.85,32.78,61.60,45.27,28.69,75.13,10.37,59.14,39.54,49.00,24.34,27.98,45.70,40.66,85.95,71.24,31.84,65.37,32.68,65.40,73.56,46.89,18.53,58.02,69.59,23.46,40.00,8.82,68.14,46.05,36.25,69.35,34.45,35.56,24.61,57.28,63.18,50.72,47.62,48.70,67.38,39.62,25.98,26.47,41.95,19.33,33.30,21.20
38.29,41.08,20.11,32.47,52.41,25.49,39.61,42.92,36.51,47.99,31.58,34.92,14.98,33.22,56.11,23.50,31.11,24.35,24.80,0.00,54.55,42.15,18.59,32.01,13.45,22.44,40.07,44.27,59.53,51.41,47.00,10.67,42.90,52.13,42.31,25.76,2.04,1.22,30.58,10.80,46.34,56.64,27.11,19.79,19.02,52.38,23.92,32.03,33.56,43.50,41.32,23.41,42.06,24.42,36.98,21.95,29.88,51.14,25.54,34.68,51.68,38.68,42.92,27.51,68.31,19.19,62.33,60.85,46.40,43.68,13.78,53.06,51.50,34.96,37.56,58.18,45.24,19.34,61.85,31.59,48.02,22.35,48.26,45.29,44.06,10.78,31.26,34.13,49.65,42.74,44.92,37.32,44.81,27.38,9.98,19.96,52.04,34.44,25.54,44.62
92.01,32.09,66.64,86.99,3.75,69.02,93.16,91.06,41.43,102.39,56.24,70.50,40.42,81.58,86.34,71.92,34.15,34.22,38.42,54.55,0.00,26.36,42.14,65.19,62.46,61.46,49.75,33.78,113.27,73.75,101.54,64.92,37.19,11.17,42.64,76.92,53.97,53.52,46.67,54.37,95.36,26.73,60.78,36.81,48.11,106.61,76.07,66.11,86.85,15.91,86.75,40.04,91.26,41.05,84.06,66.12,67.05,103.96,30.58,80.99,72.73,48.66,14.25,66.40,24.46,73.65,115.50,63.02,8.29,78.37,52.46,61.88,105.93,84.54,50.91,95.57,97.43,37.75,18.11,30.08,77.36,67.58,9.87,88.25,69.99,63.67,62.44,88.29,62.20,46.09,36.73,86.52,99.11,47.29,48.28,39.35,76.26,54.73,40.40,44.05
74.67,5.74,46.97,72.94,22.62,64.23,75.54,69.61,49.41,88.54,58.64,46.57,33.20,74.59,89.47,52.29,39.50,17.86,39.54,42.15,26.36,0.00,39.32,65.10,54.08,40.00,23.52,7.93,95.19,79.60,86.10,50.49,10.95,33.44,16.29,67.77,42.57,41.55,22.22,37.08,88.14,47.97,37.75,22.63,45.79,89.72,58.20,42.32,69.23,30.41,81.81,40.34,70.34,20.07,62.59,45.57,65.27,85.02,29.20,59.44,79.06,22.54,27.58,63.70,50.25,60.42,96.58,37.81,20.58,53.58,34.05,35.70,89.67,76.74,57.47,95.54,78.17,22.89,43.37,35.39,51.72,47.20,16.51,64.96,73.85,47.98,62.90,71.92,35.85,19.73,10.89,79.04,82.64,23.86,32.86,22.33,81.47,58.87,19.01,55.59
55.73,40.85,38.07,47.66,41.01,27.04,57.16,61.51,18.38,62.23,19.84,50.89,7.77,39.44,50.21,41.94,12.71,23.83,6.24,18.59,42.14,39.32,0.00,25.81,20.99,38.24,47.43,44.49,76.60,41.29,62.66,28.59,44.68,36.90,46.41,35.17,16.90,17.38,38.21,26.17,53.23,38.71,41.58,19.67,6.57,68.92,42.37,47.26,51.40,28.19,44.93,4.83,60.64,29.45,55.47,39.41,26.37,68.94,11.86,53.06,41.02,45.85,28.53,25.15,51.44,34.65,79.80,68.43,34.91,59.96,27.33,62.08,67.62,42.43,21.85,56.49,63.36,20.26,45.49,14.16,63.08,40.12,38.65,63.39,34.95,29.34,23.59,51.16,59.55,48.16,46.26,44.38,61.36,35.77,20.66,23.05,42.84,20.99,30.14,26.63
54.62,66.33,50.09,42.50,64.82,11.91,56.21,67.53,26.37,52.65,9.79,66.30,32.28,22.98,24.90,51.58,31.09,48.86,27.20,32.01,65.19,65.10,25.81,0.00,20.84,54.20,70.43,69.94,72.17,19.85,55.91,35.59,69.79,57.43,70.84,25.08,30.12,31.46,60.84,42.81,34.27,52.70,59.09,44.24,19.30,63.64,47.84,63.79,52.36,49.61,23.78,25.84,65.74,52.93,63.42,52.58,4.34,67.68,37.02,62.04,20.42,68.92,50.94,6.45,67.53,34.13,76.47,91.59,58.99,74.64,45.58,84.32,61.38,26.61,18.82,30.85,64.11,44.56,63.28,35.11,79.62,52.49,63.45,73.22,12.37,38.69,2.86,49.56,81.18,72.10,71.51,27.45,56.92,57.90,40.25,46.83,20.12,12.99,53.83,30.17
37.21,53.67,29.34,27.35,60.91,12.21,38.75,47.50,34.57,41.36,23.83,45.79,22.41,20.51,43.51,30.76,32.88,36.28,26.48,13.45,62.46,54.08,20.99,20.84,0.00,34.11,53.52,57.01,57.13,40.68,42.29,14.75,55.92,57.87,55.63,14.48,12.18,13.48,44.03,23.74,34.16,58.83,39.33,31.46,16.94,49.06,27.53,43.58,33.82,49.14,28.09,24.72,45.94,37.59,42.91,31.92,17.76,50.64,31.90,41.36,41.24,52.13,49.31,15.22,72.19,15.43,60.78,74.24,54.77,53.94,27.01,66.33,47.46,22.81,32.14,44.79,45.97,31.29,66.41,35.06,59.18,31.74,57.67,52.52,33.21,17.91,20.98,32.27,62.80,56.16,57.89,25.04,41.63,40.83,23.29,32.55,40.82,27.45,38.67,41.71
36.17,36.08,8.40,38.31,58.32,46.17,36.76,29.83,56.57,52.75,53.93,12.70,31.57,50.18,77.61,13.04,49.06,27.38,43.74,22.44,61.46,40.00,38.24,54.20,34.11,0.00,25.51,37.86,55.69,73.79,48.80,20.95,34.88,63.02,31.48,41.55,24.45,23.22,19.01,12.21,61.07,71.82,5.63,26.02,40.66,51.03,20.40,9.60,30.75,55.48,59.13,42.83,30.38,20.65,22.78,5.98,51.68,45.27,39.78,19.66,74.09,24.73,53.85,49.20,80.72,29.42,56.75,43.21,53.35,21.73,11.13,34.55,51.48,50.65,59.23,77.98,38.36,24.91,73.69,47.91,25.59,7.62,52.68,27.27,66.39,17.18,53.62,34.54,30.51,30.10,36.96,53.00,44.54,16.45,17.78,22.56,74.31,56.62,21.49,64.83
61.40,17.84,33.90,63.64,46.05,65.51,61.86,51.54,62.99,78.26,66.87,26.43,39.70,72.54,95.24,38.38,53.35,24.78,50.58,40.07,49.75,23.52,47.43,70.43,53.52,25.51,0.00,17.30,79.94,88.29,74.24,43.88,13.53,55.65,8.13,64.32,41.51,40.16,9.61,30.34,84.70,68.77,20.77,27.97,52.60,76.02,45.90,22.93,56.06,50.77,81.06,50.57,52.91,17.98,44.94,31.40,69.14,69.23,42.02,41.93,88.16,1.58,48.22,66.97,73.12,53.53,80.34,21.18,43.23,31.63,26.81,14.87,76.69,73.68,68.94,98.23,62.35,27.24,66.08,50.27,28.61,32.99,39.89,44.67,81.45,40.33,68.99,60.02,13.33,5.25,14.98,76.08,69.83,12.71,30.51,24.38,89.52,68.40,17.33,70.57
73.66,3.65,45.57,73.32,30.03,67.89,74.38,66.64,56.20,88.73,64.20,42.44,37.68,77.37,94.64,50.72,46.22,21.21,45.54,44.27,33.78,7.93,44.49,69.94,57.01,37.86,17.30,0.00,93.55,85.46,85.71,51.39,3.76,41.32,9.33,70.02,45.04,43.87,18.94,37.44,90.61,55.89,34.64,26.00,50.75,88.66,57.33,38.43,68.19,38.28,85.06,46.13,67.64,20.22,59.73,43.74,69.70,83.11,35.41,56.61,85.02,16.67,35.46,67.94,57.94,61.44,94.54,29.89,28.44,48.60,34.07,28.11,88.88,79.23,63.84,99.90,76.20,25.94,51.13,42.29,45.91,45.40,24.04,60.94,79.39,48.47,67.93,71.38,28.64,12.74,2.99,81.58,81.87,21.45,34.44,24.46,87.19,64.77,19.07,62.73
21.29,91.67,48.23,30.08,110.71,60.36,20.10,29.84,91.69,21.92,79.17,54.55,74.50,50.77,82.63,42.94,89.23,79.89,82.69,59.53,113.27,95.19,76.60,72.17,57.13,55.69,79.94,93.55,0.00,88.49,16.53,48.86,90.55,111.64,86.83,47.13,60.61,60.69,74.68,59.18,47.89,115.30,59.41,76.59,73.88,8.57,37.35,57.25,26.43,103.03,56.07,81.02,27.76,75.19,35.42,49.84,67.83,10.79,85.07,38.22,89.73,79.52,102.39,65.89,127.71,42.07,5.04,92.45,104.98,54.11,61.62,83.83,11.20,47.60,88.39,73.96,17.60,75.72,121.35,90.56,61.31,48.18,105.79,40.10,82.16,49.65,73.91,25.49,79.58,84.98,92.61,48.08,15.53,72.12,65.01,74.63,87.08,83.02,76.21,98.65
72.76,81.81,69.92,60.02,74.34,30.62,74.33,86.89,32.39,67.52,21.49,86.02,48.80,37.72,14.26,71.41,41.10,65.12,40.06,51.41,73.75,79.60,41.29,19.85,40.68,73.79,88.29,85.46,88.49,0.00,71.96,55.43,85.89,64.06,87.70,42.70,49.45,50.75,78.82,62.12,44.30,54.56,78.51,60.91,35.69,79.94,67.43,83.39,71.09,57.91,33.77,39.34,84.97,70.39,83.06,72.38,23.27,85.33,50.40,81.78,1.63,86.73,59.99,25.80,69.31,53.36,93.11,109.43,69.20,94.45,64.67,102.62,77.37,40.94,23.02,27.07,82.44,61.43,66.92,45.51,99.30,72.31,74.48,92.95,7.48,58.53,20.16,67.78,99.72,89.36,87.40,40.77,73.87,76.07,58.89,64.06,2.92,20.73,71.18,30.84
13.31,83.33,40.52,15.00,99.30,44.22,13.43,31.06,76.59,7.01,63.30,51.45,61.62,34.24,66.28,35.86,75.02,69.51,68.53,47.00,101.54,86.10,62.66,55.91,42.29,48.80,74.24,85.71,16.53,71.96,0.00,36.67,83.12,98.78,80.19,31.03,47.72,48.07,67.45,49.07,32.14,101.06,53.55,65.65,59.22,8.01,28.51,53.02,18.30,90.05,39.69,66.80,28.36,66.13,33.80,42.86,51.57,16.50,72.13,35.66,73.21,73.52,89.71,49.73,114.09,28.18,21.26,89.77,93.35,53.80,52.06,80.92,5.47,31.07,72.65,58.15,18.52,64.91,108.01,76.79,61.24,41.26,94.86,41.94,65.67,38.43,57.77,14.34,76.61,78.91,85.24,31.59,5.42,64.51,54.09,64.37,70.55,67.15,67.23,83.20
27.63,48.54,14.88,22.59,62.63,25.99,28.96,33.79,45.70,38.24,37.85,31.62,25.65,29.29,57.53,16.03,41.29,33.20,34.83,10.67,64.92,50.49,28.59,35.59,14.75,20.95,43.88,51.39,48.86,55.43,36.67,0.00,49.43,62.79,47.79,20.73,11.89,11.84,35.12,14.06,40.84,67.08,26.52,29.10,27.56,41.78,13.98,29.92,22.95,54.16,38.20,33.31,32.58,31.19,28.59,17.66,32.38,40.54,36.21,26.81,55.99,42.71,53.55,29.83,78.96,10.05,51.67,63.44,56.71,39.42,17.59,55.02,41.01,30.00,45.26,57.11,34.79,28.43,72.52,42.08,45.01,17.25,58.21,37.92,47.95,3.78,35.67,23.49,51.15,47.50,51.54,32.38,34.24,31.86,17.73,28.25,55.51,41.23,32.34,53.56
70.88,5.43,42.78,71.05,33.45,67.10,71.56,63.30,57.40,86.34,64.50,38.89,37.56,76.11,94.61,47.84,47.43,20.95,46.24,42.90,37.19,10.95,44.68,69.79,55.92,34.88,13.53,3.76,90.55,85.89,83.12,49.43,0.00,44.32,5.59,68.55,43.81,42.59,15.87,35.39,89.17,58.57,31.38,25.57,50.76,85.84,54.65,34.95,65.43,40.78,84.01,46.70,64.38,18.51,56.44,40.81,69.32,80.04,36.36,53.33,85.52,12.94,38.01,67.46,61.20,59.47,91.42,27.23,31.50,44.91,31.92,24.76,86.15,77.82,64.69,99.39,73.12,25.34,54.32,43.66,42.15,42.47,27.39,57.38,79.63,46.36,67.89,68.77,25.05,9.04,2.13,80.19,79.16,18.62,32.96,23.48,87.51,65.29,17.38,64.22
90.37,38.93,66.99,83.90,13.67,62.77,91.65,91.76,32.21,98.89,48.02,73.40,37.23,75.73,77.14,72.04,26.60,35.91,32.03,52.13,11.17,33.44,36.90,57.43,57.87,63.02,55.65,41.32,111.64,64.06,98.78,62.79,44.32,0.00,49.39,72.05,51.17,50.98,50.85,54.17,89.29,15.78,63.34,37.12,42.08,104.48,75.13,69.02,85.48,8.76,80.03,33.78,91.64,43.75,84.92,66.97,59.80,102.95,26.67,81.97,62.94,54.37,9.36,59.49,17.89,70.60,114.31,71.17,12.89,81.83,52.93,68.97,103.49,78.93,41.63,87.10,96.71,38.20,10.76,23.22,81.79,68.28,18.04,90.27,60.89,62.17,54.60,86.26,68.70,52.73,44.30,80.73,96.90,50.76,47.70,40.47,66.68,46.02,43.36,33.70
67.65,10.57,39.67,68.73,38.90,67.22,68.23,58.98,60.37,83.77,66.22,34.17,38.95,75.44,95.73,44.52,50.47,22.65,48.63,42.31,42.64,16.29,46.41,70.84,55.63,31.48,8.13,9.33,86.83,87.70,80.19,47.79,5.59,49.39,0.00,67.57,43.46,42.16,12.86,33.77,88.17,63.29,27.42,26.81,52.18,82.49,51.68,30.42,62.23,45.36,83.63,48.91,60.21,18.14,52.24,37.46,70.03,76.21,39.19,49.17,87.43,7.80,42.66,68.03,66.49,57.73,87.48,23.11,36.67,39.72,30.21,19.58,82.96,76.92,67.16,99.79,69.30,26.36,59.55,46.95,36.69,39.11,32.80,52.56,81.19,44.49,69.11,65.86,19.56,3.46,6.86,79.31,76.01,16.02,32.36,24.01,89.17,67.31,17.14,67.51
30.06,66.84,34.56,17.49,75.40,13.24,31.63,45.24,46.37,28.57,32.31,51.18,36.86,8.70,40.59,33.65,46.41,49.91,40.25,25.76,76.92,67.77,35.17,25.08,14.48,41.55,64.32,70.02,47.13,42.70,31.03,20.73,68.55,72.05,67.57,0.00,25.19,26.25,55.24,34.01,20.63,71.89,47.16,45.18,30.29,38.63,27.40,50.10,28.65,63.36,17.73,38.48,43.07,50.03,42.60,37.54,20.75,42.80,46.35,42.07,43.74,63.07,63.65,18.77,85.74,13.03,51.40,84.15,69.25,58.00,37.58,75.75,36.47,9.37,41.73,37.51,39.75,44.87,80.24,49.01,64.33,36.73,72.11,52.87,35.79,24.48,26.79,25.08,71.88,67.62,70.60,11.77,31.85,51.96,35.61,45.71,41.83,36.15,51.16,52.51
39.45,41.77,22.12,33.02,51.94,24.00,40.81,44.70,34.64,48.43,29.54,36.95,13.94,32.33,54.35,25.41,29.51,24.72,23.13,2.04,53.97,42.57,16.90,30.12,12.18,24.45,41.51,45.04,60.61,49.45,47.72,11.89,43.81,51.17,43.46,25.19,0.00,1.37,31.96,12.70,45.66,55.21,29.06,20.02,17.03,53.32,25.48,34.03,34.84,42.48,40.23,21.69,43.77,25.43,38.85,23.99,28.10,52.43,24.51,36.59,49.70,40.09,42.02,25.77,67.12,19.67,63.53,62.40,45.89,45.73,15.53,54.70,52.34,34.25,35.54,56.72,46.65,19.68,60.73,30.19,50.03,24.37,47.98,47.26,42.11,12.46,29.31,35.15,51.35,44.02,45.81,36.58,45.73,28.80,11.12,20.60,50.11,32.40,26.52,42.72
39.47,40.63,21.19,33.48,51.41,25.35,40.80,44.13,35.34,48.96,30.72,35.77,13.80,33.52,55.72,24.67,29.89,23.71,23.58,1.22,53.52,41.55,17.38,31.46,13.48,23.22,40.16,43.87,60.69,50.75,48.07,11.84,42.59,50.98,42.16,26.25,1.37,0.00,30.61,11.38,46.77,55.42,27.77,19.08,17.96,53.51,25.14,32.79,34.76,42.34,41.49,22.20,43.27,24.17,38.16,22.96,29.47,52.34,24.37,35.84,50.98,38.74,41.79,27.14,67.12,20.16,63.51,61.03,45.39,44.59,14.16,53.33,52.60,35.37,36.53,58.07,46.45,18.68,60.67,30.37,48.81,23.40,47.33,46.41,43.42,12.00,30.62,35.28,49.98,42.69,44.60,37.72,45.94,27.45,9.81,19.47,51.43,33.51,25.27,43.47
55.07,17.54,26.98,55.87,43.15,55.96,55.71,47.79,54.42,70.93,57.45,24.36,30.44,63.32,85.63,31.99,45.04,16.80,41.75,30.58,46.67,22.22,38.21,60.84,44.03,19.01,9.61,18.94,74.68,78.82,67.45,35.12,15.87,50.85,12.86,55.24,31.96,30.61,0.00,21.24,75.75,62.67,15.76,19.15,43.17,70.00,38.94,20.10,49.62,44.88,71.73,41.60,48.73,9.00,40.85,24.95,59.52,64.19,33.85,37.71,78.73,8.15,42.58,57.36,68.68,44.99,75.61,30.76,39.25,31.74,17.67,23.88,70.36,64.61,59.90,88.67,57.28,18.29,61.55,42.32,30.96,26.61,37.09,42.74,71.93,31.73,59.42,53.11,21.43,12.39,17.95,67.01,63.38,3.28,20.92,15.28,80.00,59.10,8.66,62.22
38.13,34.70,12.95,35.98,51.65,35.94,39.15,37.70,44.55,51.51,41.88,24.90,19.92,42.20,66.86,17.88,37.48,20.72,31.86,10.80,54.37,37.08,26.17,42.81,23.74,12.21,30.34,37.44,59.18,62.12,49.07,14.06,35.39,54.17,33.77,34.01,12.70,11.38,21.24,0.00,54.51,61.35,16.42,17.56,28.46,53.07,21.83,21.62,32.79,46.05,50.77,30.85,37.48,17.32,31.00,13.57,40.66,49.62,29.12,28.21,62.34,29.07,44.82,38.27,71.42,24.08,61.19,50.65,46.08,33.91,3.57,42.61,52.81,43.39,47.02,68.48,43.06,16.62,64.56,36.78,37.65,14.57,46.62,37.76,54.80,11.04,41.99,34.99,39.07,33.64,37.50,45.78,45.81,17.97,6.55,15.48,62.80,44.48,18.45,52.80
39.03,87.40,53.43,27.02,94.21,26.52,40.27,57.66,60.16,25.98,43.87,69.37,56.32,13.85,35.57,51.37,62.79,70.29,57.32,46.34,95.36,88.14,53.23,34.27,34.16,61.07,84.70,90.61,47.89,44.30,32.14,40.84,89.17,89.29,88.17,20.63,45.66,46.77,75.75,54.51,0.00,86.56,66.70,65.52,47.36,39.86,43.95,68.95,40.47,80.85,10.88,55.60,55.06,70.66,57.15,56.43,30.65,48.21,64.96,57.52,45.79,83.50,81.55,30.26,101.16,31.65,52.88,104.14,88.08,75.06,58.08,95.58,36.88,11.41,53.09,26.08,48.09,65.27,96.38,66.09,81.94,55.36,91.43,67.18,39.66,44.48,36.98,35.37,91.59,88.14,91.22,9.12,35.99,72.47,56.23,66.24,42.22,47.26,71.79,64.44
94.42,53.14,74.26,86.07,29.45,60.65,95.84,98.79,26.41,100.07,42.92,83.32,42.04,73.80,68.50,78.88,26.09,46.36,32.62,56.64,26.73,47.97,38.71,52.70,58.83,71.82,68.77,55.89,115.30,54.56,101.06,67.08,58.57,15.78,63.29,71.89,55.21,55.42,62.67,61.35,86.56,0.00,73.19,46.12,41.91,107.55,80.53,79.07,90.00,18.00,76.40,34.31,98.26,54.58,92.28,74.83,55.96,107.58,32.24,89.55,53.22,67.36,20.63,56.33,14.99,73.28,118.51,85.74,28.02,92.16,60.96,82.78,106.14,77.28,34.48,79.88,101.85,47.23,12.80,25.05,93.10,75.92,33.57,98.87,53.01,67.34,49.87,89.87,82.06,66.46,58.82,78.73,100.00,61.96,54.83,50.01,57.39,39.95,54.45,23.98
40.65,33.29,13.70,43.65,57.47,51.46,41.10,32.03,59.70,57.79,58.26,10.14,34.45,55.79,82.80,17.71,51.62,27.44,46.72,27.11,60.78,37.75,41.58,59.09,39.33,5.63,20.77,34.64,59.41,78.51,53.55,26.52,31.38,63.34,27.42,47.16,29.06,27.77,15.76,16.42,66.70,73.19,0.00,27.07,44.62,55.27,25.43,5.91,35.32,56.26,64.72,45.98,33.01,19.78,25.10,10.91,56.74,48.79,41.66,21.97,78.75,20.19,54.39,54.29,81.19,35.05,60.09,37.66,52.89,19.03,14.33,28.95,55.93,56.28,63.02,83.46,41.88,25.96,74.09,50.04,21.51,12.41,51.61,27.51,71.17,22.75,58.37,39.42,24.89,25.65,33.39,58.63,49.08,13.92,20.92,23.21,79.15,60.77,20.39,67.92
55.41,22.49,30.04,51.67,34.13,41.94,56.51,54.74,35.28,67.31,39.42,37.20,12.14,51.96,69.09,35.23,26.00,4.85,22.65,19.79,36.81,22.63,19.67,44.24,31.46,26.02,27.97,26.00,76.59,60.91,65.65,29.10,25.57,37.12,26.81,45.18,20.02,19.08,19.15,17.56,65.52,46.12,27.07,0.00,25.38,70.20,39.30,32.96,50.16,29.47,59.32,22.60,54.74,10.15,47.84,29.86,43.77,67.16,15.07,44.87,60.67,26.39,27.88,41.96,54.73,38.66,78.71,48.82,28.52,46.06,15.87,42.77,69.73,54.11,40.97,73.92,60.62,1.11,47.73,23.61,47.47,31.21,29.28,53.28,54.38,27.28,42.40,51.94,40.56,28.49,27.34,56.41,62.80,17.25,11.62,4.09,62.36,40.64,10.66,43.12
53.50,47.12,39.13,44.26,47.18,20.92,55.00,61.27,18.21,58.18,14.28,53.35,13.24,33.69,43.89,42.35,16.13,29.82,10.06,19.02,48.11,45.79,6.57,19.30,16.94,40.66,52.60,50.75,73.88,35.69,59.22,27.56,50.76,42.08,52.18,30.29,17.03,17.96,43.17,28.46,47.36,41.91,44.62,25.38,0.00,65.91,41.54,50.05,49.60,33.53,38.68,8.30,60.13,34.70,55.69,40.89,19.80,66.89,18.27,53.53,35.56,51.05,34.20,18.65,55.49,31.85,77.38,73.74,41.13,62.29,30.31,67.02,64.37,36.85,18.62,49.92,61.74,25.83,49.96,18.87,66.05,41.35,45.07,64.27,29.02,29.13,17.19,48.71,64.26,53.72,52.41,38.67,58.43,40.50,23.96,28.38,37.02,16.25,35.50,26.00
15.04,86.53,43.09,21.80,104.19,51.86,14.28,28.72,83.57,14.00,70.76,51.71,67.26,42.22,74.27,38.01,81.46,73.77,74.93,52.38,106.61,89.72,68.92,63.64,49.06,51.03,76.02,88.66,8.57,79.94,8.01,41.78,85.84,104.48,82.49,38.63,53.32,53.51,70.00,53.07,39.86,107.55,55.27,70.20,65.91,0.00,31.51,53.88,20.50,95.80,47.68,73.24,26.21,69.65,32.97,45.06,59.30,10.79,77.83,35.37,81.17,75.45,95.30,57.39,120.23,34.28,13.25,90.09,98.36,52.69,55.78,81.31,3.07,39.08,80.03,65.93,15.47,69.39,113.99,82.98,60.10,43.41,99.49,39.61,73.59,42.98,65.41,18.32,77.01,80.90,87.94,39.61,7.59,67.25,58.58,68.54,78.55,74.61,70.72,90.40
16.47,55.09,12.04,18.56,73.43,36.94,17.39,20.01,59.67,32.38,51.27,25.68,38.61,35.79,67.57,7.93,54.99,42.53,48.61,23.92,76.07,58.20,42.37,47.84,27.53,20.40,45.90,57.33,37.35,67.43,28.51,13.98,54.65,75.13,51.68,27.40,25.48,25.14,38.94,21.83,43.95,80.53,25.43,39.30,41.54,31.51,0.00,26.00,11.04,66.70,44.70,47.13,18.64,38.14,15.65,14.54,44.15,27.91,48.97,14.72,68.15,45.12,65.79,41.64,91.85,14.57,39.43,62.67,67.78,31.17,24.33,53.84,31.57,35.07,59.06,64.82,21.58,38.41,85.21,55.48,38.00,13.03,68.44,25.73,60.02,13.19,48.35,14.18,49.61,50.47,56.77,37.18,24.55,36.04,27.80,37.28,67.15,54.79,39.20,67.53
39.80,37.50,15.59,44.56,62.72,55.55,40.03,28.62,65.46,57.83,63.47,4.40,40.24,58.80,87.06,18.08,57.49,33.16,52.51,32.03,66.11,42.32,47.26,63.79,43.58,9.60,22.93,38.43,57.25,83.39,53.02,29.92,34.95,69.02,30.42,50.10,34.03,32.79,20.10,21.62,68.95,79.07,5.91,32.96,50.05,53.88,26.00,0.00,34.74,62.05,67.81,51.73,29.99,25.32,22.04,12.59,61.21,46.49,47.57,19.08,83.69,22.74,60.14,58.72,86.89,37.49,57.47,36.85,58.33,13.12,19.93,27.98,54.85,58.96,68.55,87.02,39.66,31.85,79.78,55.94,16.03,13.59,56.78,22.65,75.99,26.21,63.22,39.31,23.71,28.11,36.83,61.27,48.22,18.87,26.60,29.07,83.90,66.10,25.82,73.69
5.47,66.04,22.65,13.48,84.28,40.64,6.36,17.30,67.78,23.31,57.42,33.35,48.52,35.75,69.01,17.72,64.11,53.52,57.61,33.56,86.85,69.23,51.40,52.36,33.82,30.75,56.06,68.19,26.43,71.09,18.30,22.95,65.43,85.48,62.23,28.65,34.84,34.76,49.62,32.79,40.47,90.00,35.32,50.16,49.60,20.50,11.04,34.74,0.00,76.93,43.90,56.03,14.83,49.17,17.13,24.77,48.27,17.59,59.04,18.26,72.03,55.39,76.17,45.92,101.87,18.52,28.83,71.54,78.56,36.60,35.36,62.68,20.74,33.96,65.96,64.12,12.18,49.30,95.36,65.03,43.96,23.14,79.38,26.82,63.96,23.32,53.42,5.30,58.38,60.81,67.53,35.62,13.79,46.81,38.58,48.27,70.38,61.15,50.22,75.30
81.78,35.36,58.96,75.16,16.54,54.34,83.08,83.74,25.54,90.13,40.47,66.38,28.55,67.22,70.43,63.91,18.53,28.96,23.53,43.50,15.91,30.41,28.19,49.61,49.14,55.48,50.77,38.28,103.03,57.91,90.05,54.16,40.78,8.76,45.36,63.36,42.48,42.34,44.88,46.05,80.85,18.00,56.26,29.47,33.53,95.80,66.70,62.05,76.93,0.00,71.78,25.25,83.50,37.09,76.97,59.11,51.73,94.45,17.98,74.08,56.92,49.37,2.88,51.27,25.38,61.87,105.76,68.00,12.26,75.04,45.06,64.81,94.78,70.36,35.01,79.78,88.28,30.57,18.54,14.78,75.56,60.36,18.11,82.74,54.08,53.66,46.83,77.61,64.05,48.50,41.16,72.21,88.22,44.37,39.52,33.09,60.38,38.85,36.85,28.76
43.76,81.68,52.29,30.77,85.86,17.93,45.20,61.13,50.00,34.42,33.51,68.91,49.05,9.04,26.59,51.30,53.43,64.16,48.37,41.32,86.75,81.81,44.93,23.78,28.09,59.13,81.06,85.06,56.07,33.77,39.69,38.20,84.01,80.03,83.63,17.73,40.23,41.49,71.73,50.77,10.88,76.40,64.72,59.32,38.68,47.68,44.70,67.81,43.90,71.78,0.00,46.72,58.72,65.66,59.38,55.26,20.49,54.72,56.79,59.17,35.22,79.74,72.71,20.54,91.14,30.67,60.92,101.32,79.80,75.61,54.26,93.06,44.88,9.95,42.54,20.29,53.38,59.23,86.63,57.00,82.03,54.47,83.55,69.64,28.83,41.97,26.56,39.34,89.28,84.01,85.98,8.44,42.60,68.48,51.27,60.62,31.87,36.75,66.74,53.87
60.26,42.49,42.87,51.80,39.31,29.11,61.71,66.33,13.74,66.09,18.34,55.43,11.62,41.97,49.35,46.77,8.23,26.28,1.78,23.41,40.04,40.34,4.83,25.84,24.72,42.83,50.57,46.13,81.02,39.34,66.80,33.31,46.70,33.78,48.91,38.48,21.69,22.20,41.60,30.85,55.60,34.31,45.98,22.60,8.30,73.24,47.13,51.73,56.03,25.25,46.72,0.00,65.45,32.68,60.30,44.17,27.17,73.53,11.35,57.88,38.89,48.99,26.01,26.38,47.47,38.98,84.31,71.36,33.34,64.52,31.83,65.35,71.84,45.14,18.37,56.68,68.04,23.36,41.78,10.58,67.45,44.90,37.63,68.19,33.52,34.15,23.31,55.63,63.03,50.89,48.13,46.96,65.69,39.36,25.14,26.31,41.15,18.64,33.25,21.99
16.43,66.19,24.70,28.23,88.29,54.35,15.54,2.72,78.22,34.88,69.76,26.94,56.22,50.48,83.61,19.60,73.13,57.05,66.85,42.06,91.26,70.34,60.64,65.74,45.94,30.38,52.91,67.64,27.76,84.97,28.36,32.58,64.38,91.64,60.21,43.07,43.77,43.27,48.73,37.48,55.06,98.26,33.01,54.74,60.13,26.21,18.64,29.99,14.83,83.50,58.72,65.45,0.00,50.95,7.97,25.20,61.84,17.02,66.24,11.05,85.81,52.64,82.29,59.39,108.86,31.63,27.52,64.69,83.04,26.59,38.88,56.07,28.06,48.78,77.68,78.95,10.77,53.72,102.03,73.28,33.94,23.69,82.82,13.60,77.69,31.31,66.49,19.70,51.82,58.07,66.37,50.46,22.94,46.57,43.98,51.92,84.44,73.33,51.84,86.13
54.61,17.39,27.02,53.29,37.80,49.08,55.48,50.47,45.43,68.80,48.94,29.71,21.72,57.64,77.82,32.37,36.06,8.23,32.78,24.42,41.05,20.07,29.45,52.93,37.59,20.65,17.98,20.22,75.19,70.39,66.13,31.19,18.51,43.75,18.14,50.03,25.43,24.17,9.00,17.32,70.66,54.58,19.78,10.15,34.70,69.65,38.14,25.32,49.17,37.09,65.66,32.68,50.95,0.00,43.43,25.85,51.96,65.11,24.92,40.30,70.24,16.41,35.01,49.92,61.64,41.23,76.70,39.05,33.11,38.08,14.09,32.68,69.62,59.32,51.02,81.65,58.30,9.32,54.51,33.42,38.52,27.44,32.07,47.20,63.65,28.35,51.33,51.90,30.41,19.17,20.57,61.69,62.59,7.44,14.46,6.40,71.70,50.42,1.15,53.23
20.74,58.34,18.05,30.20,80.99,52.59,20.38,7.05,73.48,39.76,66.42,19.13,50.42,50.69,83.05,13.54,67.69,49.85,61.60,36.98,84.06,62.59,55.47,63.42,42.91,22.78,44.94,59.73,35.42,83.06,33.80,28.59,56.44,84.92,52.24,42.60,38.85,38.16,40.85,31.00,57.15,92.28,25.10,47.84,55.69,32.97,15.65,22.04,17.13,76.97,59.38,60.30,7.97,43.43,0.00,18.00,59.79,24.63,60.08,3.15,83.77,44.67,75.61,57.26,102.34,30.09,35.44,57.23,75.88,20.01,31.99,48.52,34.44,49.51,73.78,79.64,17.96,46.79,95.43,67.48,27.45,16.64,75.43,10.28,75.65,26.56,63.85,22.42,44.25,50.10,58.42,51.44,28.51,38.76,37.55,44.81,82.80,69.82,44.27,81.55
30.19,41.84,3.00,32.76,63.10,43.59,30.78,24.95,57.77,46.92,53.38,13.96,33.47,46.24,75.15,7.06,51.01,31.90,45.27,21.95,66.12,45.57,39.41,52.58,31.92,5.98,31.40,43.74,49.84,72.38,42.86,17.66,40.81,66.97,37.46,37.54,23.99,22.96,24.95,13.57,56.43,74.83,10.91,29.86,40.89,45.06,14.54,12.59,24.77,59.11,55.26,44.17,25.20,25.85,18.00,0.00,49.68,39.50,42.59,15.01,72.81,30.67,57.68,47.15,84.47,24.91,51.03,48.43,57.92,22.07,14.06,39.65,45.50,46.38,59.49,74.61,32.61,28.80,77.52,50.34,27.36,1.66,57.63,24.19,64.91,14.10,52.31,28.62,35.50,36.06,42.90,48.69,38.56,22.29,20.01,26.82,72.67,56.35,26.78,66.00
50.41,66.13,47.10,38.20,66.46,7.67,52.00,63.70,29.55,48.34,13.25,63.53,32.12,18.82,26.25,48.27,33.23,48.51,28.69,29.88,67.05,65.27,26.37,4.34,17.76,51.68,69.14,69.70,67.83,23.27,51.57,32.38,69.32,59.80,70.03,20.75,28.10,29.47,59.52,40.66,30.65,55.96,56.74,43.77,19.80,59.30,44.15,61.21,48.27,51.73,20.49,27.17,61.84,51.96,59.79,49.68,0.00,63.42,38.01,58.52,24.01,67.66,52.87,2.56,70.66,30.21,72.14,90.22,60.52,71.69,43.63,82.72,57.04,22.45,22.64,30.27,59.94,43.98,66.15,37.03,76.91,49.49,64.72,69.69,15.88,35.66,6.54,45.36,79.44,71.09,71.11,23.43,52.60,56.49,38.70,46.05,23.15,16.79,52.92,33.96
13.44,81.33,38.09,25.33,101.27,55.77,11.91,19.19,85.00,23.45,73.74,43.76,66.09,48.05,81.14,32.75,81.65,70.21,75.13,51.14,103.96,85.02,68.94,67.68,50.64,45.27,69.23,83.11,10.79,85.33,16.50,40.54,80.04,102.95,76.21,42.80,52.43,52.34,64.19,49.62,48.21,107.58,48.79,67.16,66.89,10.79,27.91,46.49,17.59,94.45,54.72,73.53,17.02,65.11,24.63,39.50,63.42,0.00,76.59,27.44,86.43,68.84,93.62,61.26,119.44,35.23,11.60,81.70,95.67,43.50,51.83,73.06,13.52,45.35,82.61,73.96,6.92,66.24,112.91,82.61,50.77,37.85,96.17,29.74,78.56,40.78,69.10,18.42,68.80,74.30,82.08,46.34,12.24,61.72,55.70,64.96,84.24,77.54,66.10,92.34
63.83,31.80,42.04,57.28,29.24,38.89,65.14,66.66,21.18,72.40,29.67,51.68,10.57,51.13,60.70,46.74,11.35,17.25,10.37,25.54,30.58,29.20,11.86,37.02,31.90,39.78,42.02,35.41,85.07,50.40,72.13,36.21,36.36,26.67,39.19,46.35,24.51,24.37,33.85,29.12,64.96,32.24,41.66,15.07,18.27,77.83,48.97,47.57,59.04,17.98,56.79,11.35,66.24,24.92,60.08,42.59,38.01,76.59,0.00,57.32,49.86,40.45,17.63,36.93,42.88,43.96,87.84,62.12,23.11,60.68,28.79,56.87,76.82,54.02,28.43,67.87,70.52,16.10,36.33,8.54,62.45,43.68,26.80,66.67,44.81,35.85,34.57,59.64,55.04,41.54,37.62,56.04,70.24,32.23,22.59,19.15,52.32,29.69,25.20,28.56
22.42,55.20,15.29,30.79,77.91,51.48,22.26,10.18,71.18,41.35,64.64,16.40,47.79,50.35,82.28,11.18,65.16,46.79,59.14,34.68,80.99,59.44,53.06,62.04,41.36,19.66,41.93,56.61,38.22,81.78,35.66,26.81,53.33,81.97,49.17,42.07,36.59,35.84,37.71,28.21,57.52,89.55,21.97,44.87,53.53,35.37,14.72,19.08,18.26,74.08,59.17,57.88,11.05,40.30,3.15,15.01,58.52,27.44,57.32,0.00,82.44,41.63,72.68,55.98,99.45,29.29,38.41,54.71,72.82,18.35,29.05,45.95,36.67,49.40,71.77,79.38,20.66,43.81,92.51,64.83,25.73,13.72,72.32,11.18,74.34,24.49,62.34,23.49,41.66,47.07,55.31,51.41,30.49,35.62,34.75,41.78,81.62,67.97,41.14,79.30
73.79,81.37,70.39,61.11,73.39,31.47,75.37,87.70,31.45,68.84,21.30,86.39,48.59,38.96,15.80,71.99,40.34,64.82,39.54,51.68,72.73,79.06,41.02,20.42,41.24,74.09,88.16,85.02,89.73,1.63,73.21,55.99,85.52,62.94,87.43,43.74,49.70,50.98,78.73,62.34,45.79,53.22,78.75,60.67,35.56,81.17,68.15,83.69,72.03,56.92,35.22,38.89,85.81,70.24,83.77,72.81,24.01,86.43,49.86,82.44,0.00,86.60,59.05,26.52,67.93,54.19,94.32,109.29,68.31,94.88,64.83,102.56,78.62,42.23,22.16,28.69,83.45,61.21,65.63,44.75,99.64,72.78,73.64,93.62,8.13,59.03,20.51,68.79,99.72,89.14,87.00,42.11,75.03,76.02,58.96,63.88,4.50,20.25,71.00,29.59
60.76,16.92,33.09,62.71,44.97,64.09,61.26,51.34,61.41,77.43,65.31,26.40,38.12,71.26,93.74,37.68,51.78,23.21,49.00,38.68,48.66,22.54,45.85,68.92,52.13,24.73,1.58,16.67,79.52,86.73,73.52,42.71,12.94,54.37,7.80,63.07,40.09,38.74,8.15,29.07,83.50,67.36,20.19,26.39,51.05,75.45,45.12,22.74,55.39,49.37,79.74,48.99,52.64,16.41,44.67,30.67,67.66,68.84,40.45,41.63,86.60,0.00,46.84,65.50,71.89,52.42,80.01,22.72,42.02,31.99,25.53,16.44,76.07,72.44,67.36,96.81,61.94,25.66,64.84,48.71,29.32,32.27,38.81,44.77,79.91,39.20,67.46,59.27,14.81,5.46,14.54,74.84,69.18,11.30,29.06,22.80,87.98,66.82,15.75,69.00
81.11,32.59,57.66,74.90,14.36,55.10,82.37,82.44,27.60,90.02,42.00,64.49,28.10,67.84,72.29,62.70,19.91,26.98,24.34,42.92,14.25,27.58,28.53,50.94,49.31,53.85,48.22,35.46,102.39,59.99,89.71,53.55,38.01,9.36,42.66,63.65,42.02,41.79,42.58,44.82,81.55,20.63,54.39,27.88,34.20,95.30,65.79,60.14,76.17,2.88,72.71,26.01,82.29,35.01,75.61,57.68,52.87,93.62,17.63,72.68,59.05,46.84,0.00,52.28,26.87,61.57,105.00,65.22,9.60,73.06,43.63,62.15,94.36,70.91,37.01,81.34,87.37,28.96,19.85,15.85,73.38,58.98,15.39,81.12,55.93,52.86,48.19,77.04,61.47,45.83,38.35,72.81,87.72,42.21,38.34,31.34,62.41,40.59,34.72,31.27
48.17,64.39,44.55,36.12,65.67,5.53,49.76,61.22,29.96,46.75,14.17,61.00,30.50,17.75,28.60,45.72,32.88,46.73,27.98,27.51,66.40,63.70,25.15,6.45,15.22,49.20,66.97,67.94,65.89,25.80,49.73,29.83,67.46,59.49,68.03,18.77,25.77,27.14,57.36,38.27,30.26,56.33,54.29,41.96,18.65,57.39,41.64,58.72,45.92,51.27,20.54,26.38,59.39,49.92,57.26,47.15,2.56,61.26,36.93,55.98,26.52,65.50,52.28,0.00,70.90,27.76,70.15,88.01,59.67,69.15,41.28,80.44,55.19,21.35,23.69,31.96,57.66,42.12,66.19,36.51,74.39,46.94,63.71,67.15,18.39,33.11,8.04,43.11,77.12,69.02,69.28,22.54,50.59,54.29,36.49,44.11,25.71,17.90,50.90,34.90
106.57,55.92,84.33,99.09,28.13,75.01,107.91,109.11,41.17,113.55,57.75,91.26,53.35,88.18,83.35,89.27,39.36,53.75,45.70,68.31,24.46,50.25,51.44,67.53,72.19,80.72,73.12,57.94,127.71,69.31,114.09,78.96,61.20,17.89,66.49,85.74,67.12,67.12,68.68,71.42,101.16,14.99,81.19,54.73,55.49,120.23,91.85,86.89,101.87,25.38,91.14,47.47,108.86,61.64,102.34,84.47,70.66,119.44,42.88,99.45,67.93,71.89,26.87,70.90,0.00,86.01,130.63,87.43,29.90,99.72,70.42,85.95,119.01,91.60,49.46,94.86,113.40,55.83,7.13,37.29,99.64,85.73,33.91,107.99,67.97,78.73,64.69,102.22,85.97,69.89,60.92,93.15,112.64,68.65,64.88,58.21,72.17,54.88,61.25,38.93
21.79,58.57,21.90,13.35,71.57,22.74,23.33,33.53,49.84,28.81,38.90,38.31,33.48,21.64,53.00,20.64,47.20,42.95,40.66,19.19,73.65,60.42,34.65,34.13,15.43,29.42,53.53,61.44,42.07,53.36,28.18,10.05,59.47,70.60,57.73,13.03,19.67,20.16,44.99,24.08,31.65,73.28,35.05,38.66,31.85,34.28,14.57,37.49,18.52,61.87,30.67,38.98,31.63,41.23,30.09,24.91,30.21,35.23,43.96,29.29,54.19,52.42,61.57,27.76,86.01,0.00,45.53,72.54,65.54,44.98,27.58,63.95,33.00,21.49,47.51,50.54,30.62,38.07,79.86,48.73,51.36,23.97,67.44,40.27,46.06,13.26,35.02,16.89,59.94,57.32,61.58,23.79,26.72,41.75,27.57,38.11,52.92,42.63,42.38,57.12
24.09,92.82,49.68,34.12,112.83,64.62,22.72,29.26,95.33,26.90,83.22,54.46,77.31,55.40,87.50,44.33,92.48,81.80,85.95,62.33,115.50,96.58,79.80,76.47,60.78,56.75,80.34,94.54,5.04,93.11,21.26,51.67,91.42,114.31,87.48,51.40,63.53,63.51,75.61,61.19,52.88,118.51,60.09,78.71,77.38,13.25,39.43,57.47,28.83,105.76,60.92,84.31,27.52,76.70,35.44,51.03,72.14,11.60,87.84,38.41,94.32,80.01,105.00,70.15,130.63,45.53,0.00,91.82,107.20,53.19,63.43,83.34,16.07,52.30,92.35,78.96,18.41,77.80,124.17,93.63,60.19,49.39,107.76,38.85,86.68,52.15,78.13,28.69,79.13,85.46,93.45,52.86,19.56,73.19,67.22,76.54,91.76,87.06,77.68,102.44
76.49,32.64,51.32,81.14,59.31,86.34,76.61,62.66,83.29,94.68,87.99,38.41,60.74,92.60,116.37,54.76,73.45,45.17,71.24,60.85,63.02,37.81,68.43,91.59,74.24,43.21,21.18,29.89,92.45,109.43,89.77,63.44,27.23,71.17,23.11,84.15,62.40,61.03,30.76,50.65,104.14,85.74,37.66,48.82,73.74,90.09,62.67,36.85,71.54,68.00,101.32,71.36,64.69,39.05,57.23,48.43,90.22,81.70,62.12,54.71,109.29,22.72,65.22,88.01,87.43,72.54,91.82,0.00,58.28,38.74,47.25,8.86,91.30,93.44,89.72,119.02,75.17,48.18,80.77,70.02,32.26,49.78,53.58,53.24,102.63,59.73,90.16,76.16,13.16,20.58,26.93,95.82,84.85,33.73,51.53,45.42,110.69,89.43,38.31,90.56
83.73,26.14,58.39,78.86,6.15,61.94,84.88,82.87,36.89,94.32,50.48,62.73,32.52,74.25,81.17,63.65,28.47,26.03,31.84,46.40,8.29,20.58,34.91,58.99,54.77,53.35,43.23,28.44,104.98,69.20,93.35,56.71,31.50,12.89,36.67,69.25,45.89,45.39,39.25,46.08,88.08,28.02,52.89,28.52,41.13,98.36,67.78,58.33,78.56,12.26,79.80,33.34,83.04,33.11,75.88,57.92,60.52,95.67,23.11,72.82,68.31,42.02,9.60,59.67,29.90,65.54,107.20,58.28,0.00,70.79,44.20,56.21,97.70,77.11,46.19,89.69,89.14,29.47,22.90,24.13,70.16,59.36,5.87,80.28,64.84,55.40,56.33,80.04,56.10,40.04,31.43,79.14,90.87,39.61,39.99,31.12,71.56,49.40,32.53,40.86
40.67,48.34,24.60,48.79,74.88,65.40,40.38,24.30,78.26,59.66,75.26,9.09,53.14,66.61,96.90,24.35,70.50,46.09,65.37,43.68,78.37,53.58,59.96,74.64,53.94,21.73,31.63,48.60,54.11,94.45,53.80,39.42,44.91,81.83,39.72,58.00,45.73,44.59,31.74,33.91,75.06,92.16,19.03,46.06,62.29,52.69,31.17,13.12,36.60,75.04,75.61,64.52,26.59,38.08,20.01,22.07,71.69,43.50,60.68,18.35,94.88,31.99,73.06,69.15,99.72,44.98,53.19,38.74,70.79,0.00,32.70,30.52,54.33,66.15,80.89,95.49,37.33,44.96,92.59,69.04,7.45,22.21,68.83,14.51,86.98,36.04,74.37,41.81,26.49,36.78,46.53,68.31,48.52,31.19,39.39,42.15,94.72,78.10,38.48,86.51
40.77,31.43,14.19,39.27,49.60,39.18,41.72,38.87,45.57,54.73,44.09,23.61,20.46,45.73,69.87,19.45,37.93,18.40,32.68,13.78,52.46,34.05,27.33,45.58,27.01,11.13,26.81,34.07,61.62,64.67,52.06,17.59,31.92,52.93,30.21,37.58,15.53,14.16,17.67,3.57,58.08,60.96,14.33,15.87,30.31,55.78,24.33,19.93,35.36,45.06,54.26,31.83,38.88,14.09,31.99,14.06,43.63,51.83,28.79,29.05,64.83,25.53,43.63,41.28,70.42,27.58,63.43,47.25,44.20,32.70,0.00,39.32,55.65,46.95,48.69,71.80,45.15,14.84,63.47,36.82,35.83,15.35,44.36,37.92,57.42,14.44,44.63,37.87,35.87,30.06,34.04,49.35,48.62,14.39,6.70,13.16,65.46,46.50,15.21,53.82
67.65,30.07,42.56,72.33,58.14,78.50,67.78,54.11,77.86,85.81,81.30,29.61,54.31,84.27,108.95,45.92,68.22,39.64,65.40,53.06,61.88,35.70,62.08,84.32,66.33,34.55,14.87,28.11,83.83,102.62,80.92,55.02,24.76,68.97,19.58,75.75,54.70,53.33,23.88,42.61,95.58,82.78,28.95,42.77,67.02,81.31,53.84,27.98,62.68,64.81,93.06,65.35,56.07,32.68,48.52,39.65,82.72,73.06,56.87,45.95,102.56,16.44,62.15,80.44,85.95,63.95,83.34,8.86,56.21,30.52,39.32,0.00,82.49,84.99,83.70,111.09,66.48,42.00,79.06,65.09,24.54,40.98,52.12,45.00,95.65,51.28,83.04,67.30,4.31,16.32,25.17,87.36,76.02,26.54,44.08,39.07,103.74,82.98,32.11,85.43
15.31,86.66,43.38,20.11,103.59,49.68,14.85,30.65,81.86,10.96,68.72,52.89,66.27,39.66,71.45,38.44,80.07,73.43,73.56,51.50,105.93,89.67,67.62,61.38,47.46,51.48,76.69,88.88,11.20,77.37,5.47,41.01,86.15,103.49,82.96,36.47,52.34,52.60,70.36,52.81,36.88,106.14,55.93,69.73,64.37,3.07,31.57,54.85,20.74,94.78,44.88,71.84,28.06,69.62,34.44,45.50,57.04,13.52,76.82,36.67,78.62,76.07,94.36,55.19,119.01,33.00,16.07,91.30,97.70,54.33,55.65,82.49,0.00,36.45,78.05,62.96,17.46,68.95,112.86,81.73,61.77,43.86,99.00,41.59,71.12,42.45,63.23,17.82,78.19,81.50,88.26,36.88,7.03,67.53,58.12,68.24,75.92,72.57,70.70,88.55
33.96,76.00,43.38,20.91,83.25,16.63,35.43,51.18,51.09,26.68,35.50,59.78,45.09,3.63,35.81,41.95,52.66,58.89,46.89,34.96,84.54,76.74,42.43,26.61,22.81,50.65,73.68,79.23,47.60,40.94,31.07,30.00,77.82,78.93,76.92,9.37,34.25,35.37,64.61,43.39,11.41,77.28,56.28,54.11,36.85,39.08,35.07,58.96,33.96,70.36,9.95,45.14,48.78,59.32,49.51,46.38,22.45,45.35,54.02,49.40,42.23,72.44,70.91,21.35,91.60,21.49,52.30,93.44,77.11,66.15,46.95,84.99,36.45,0.00,45.01,30.22,43.64,53.86,86.49,55.71,72.73,45.46,80.30,59.77,34.91,33.72,28.99,29.45,81.08,76.99,79.86,2.40,33.42,61.34,44.87,54.84,39.48,39.18,60.44,56.25
69.20,60.22,57.65,58.30,51.37,28.87,70.76,79.03,9.48,70.19,9.53,71.92,29.57,41.39,35.53,60.64,18.25,44.59,18.53,37.56,50.91,57.47,21.85,18.82,32.14,59.23,68.94,63.84,88.39,23.02,72.65,45.26,64.69,41.63,67.16,41.73,35.54,36.53,59.90,47.02,53.09,34.48,63.02,40.97,18.62,80.03,59.06,68.55,65.96,35.01,42.54,18.37,77.68,51.02,73.78,59.49,22.64,82.61,28.43,71.77,22.16,67.36,37.01,23.69,49.46,47.51,92.35,89.72,46.19,80.89,48.69,83.70,78.05,45.01,0.00,45.80,78.11,41.71,45.87,22.63,84.51,59.91,51.48,82.66,19.27,47.29,16.15,64.20,81.31,69.23,66.02,46.06,72.88,57.57,42.16,44.64,25.40,5.85,51.61,11.35
63.72,96.35,71.69,50.87,95.42,32.72,65.11,81.38,54.99,52.05,39.33,88.45,62.39,29.03,13.43,71.14,61.44,78.69,58.02,58.18,95.57,95.54,56.49,30.85,44.79,77.98,98.23,99.90,73.96,27.07,58.15,57.11,99.39,87.10,99.79,37.51,56.72,58.07,88.67,68.48,26.08,79.88,83.46,73.92,49.92,65.93,64.82,87.02,64.12,79.78,20.29,56.68,78.95,81.65,79.64,74.61,30.27,73.96,67.87,79.38,28.69,96.81,81.34,31.96,94.86,50.54,78.96,119.02,89.69,95.49,71.80,111.09,62.96,30.22,45.80,0.00,73.20,74.06,91.64,65.64,101.71,73.95,94.26,89.92,26.88,60.85,33.40,59.46,107.50,100.61,101.22,28.51,61.73,85.52,67.78,75.97,24.21,41.08,82.66,55.92
9.75,74.43,31.29,22.81,94.68,52.28,8.22,13.25,79.93,25.40,69.50,37.04,60.10,45.96,79.35,25.93,76.07,63.55,69.59,45.24,97.43,78.17,63.36,64.11,45.97,38.36,62.35,76.20,17.60,82.44,18.52,34.79,73.12,96.71,69.30,39.75,46.65,46.45,57.28,43.06,48.09,101.85,41.88,60.62,61.74,15.47,21.58,39.66,12.18,88.28,53.38,68.04,10.77,58.30,17.96,32.61,59.94,6.92,70.52,20.66,83.45,61.94,87.37,57.66,113.40,30.62,18.41,75.17,89.14,37.33,45.15,66.48,17.46,43.64,78.11,73.20,0.00,59.68,106.79,76.82,44.70,30.98,89.52,24.16,75.44,34.68,65.30,14.67,62.20,67.40,75.16,44.94,13.21,54.81,49.25,58.30,81.56,73.25,59.28,87.47
54.57,22.48,29.02,51.02,35.03,41.96,55.65,53.70,36.17,66.67,39.95,36.08,12.63,51.77,69.43,34.23,26.97,5.03,23.46,19.34,37.75,22.89,20.26,44.56,31.29,24.91,27.24,25.94,75.72,61.43,64.91,28.43,25.34,38.20,26.36,44.87,19.68,18.68,18.29,16.62,65.27,47.23,25.96,1.11,25.83,69.39,38.41,31.85,49.30,30.57,59.23,23.36,53.72,9.32,46.79,28.80,43.98,66.24,16.10,43.81,61.21,25.66,28.96,42.12,55.83,38.07,77.80,48.18,29.47,44.96,14.84,42.00,68.95,53.86,41.71,74.06,59.68,0.00,48.82,24.64,46.40,30.16,30.10,52.18,54.84,26.51,42.77,51.15,39.72,27.93,27.16,56.17,62.01,16.30,10.84,3.08,62.84,41.25,9.91,44.05
100.14,49.00,77.45,93.04,21.64,70.01,101.46,102.23,37.02,107.72,53.56,84.15,46.87,83.15,80.68,82.43,33.88,46.65,40.00,61.85,18.11,43.37,45.49,63.28,66.41,73.69,66.08,51.13,121.35,66.92,108.01,72.52,54.32,10.76,59.55,80.24,60.73,60.67,61.55,64.56,96.38,12.80,74.09,47.73,49.96,113.99,85.21,79.78,95.36,18.54,86.63,41.78,102.03,54.51,95.43,77.52,66.15,112.91,36.33,92.51,65.63,64.84,19.85,66.19,7.13,79.86,124.17,80.77,22.90,92.59,63.47,79.06,112.86,86.49,45.87,91.64,106.79,48.82,0.00,31.36,92.51,78.80,27.19,100.95,64.87,72.14,60.43,95.88,79.00,62.93,54.12,88.14,106.40,61.51,58.05,51.16,69.71,50.98,54.12,36.11
69.54,38.77,49.55,61.80,29.79,39.58,70.93,73.88,14.04,76.37,26.36,60.00,17.08,52.51,57.08,54.00,4.41,25.60,8.82,31.59,30.08,35.39,14.16,35.11,35.06,47.91,50.27,42.29,90.56,45.51,76.79,42.08,43.66,23.22,46.95,49.01,30.19,30.37,42.32,36.78,66.09,25.05,50.04,23.61,18.87,82.98,55.48,55.94,65.03,14.78,57.00,10.58,73.28,33.42,67.48,50.34,37.03,82.61,8.54,64.83,44.75,48.71,15.85,36.51,37.29,48.73,93.63,70.02,24.13,69.04,36.82,65.09,81.73,55.71,22.63,65.64,76.82,24.64,31.36,0.00,70.95,51.33,29.09,74.52,40.78,42.29,32.38,65.08,63.39,49.49,44.72,57.51,75.40,40.76,30.38,27.70,47.73,25.33,33.66,20.58
48.10,46.19,30.16,55.94,73.76,70.95,47.82,31.59,81.13,67.07,79.50,13.41,55.87,73.00,102.51,30.77,72.83,46.74,68.14,48.02,77.36,51.72,63.08,79.62,59.18,25.59,28.61,45.91,61.31,99.30,61.24,45.01,42.15,81.79,36.69,64.33,50.03,48.81,30.96,37.65,81.94,93.10,21.51,47.47,66.05,60.10,38.00,16.03,43.96,75.56,82.03,67.45,33.94,38.52,27.45,27.36,76.91,50.77,62.45,25.73,99.64,29.32,73.38,74.39,99.64,51.36,60.19,32.26,70.16,7.45,35.83,24.54,61.77,72.73,84.51,101.71,44.70,46.40,92.51,70.95,0.00,27.83,67.61,21.34,91.88,41.45,79.15,49.13,20.85,33.46,43.54,74.93,55.97,31.19,42.43,43.42,99.75,82.13,38.70,89.33
28.55,43.50,2.39,31.36,64.59,43.24,29.13,23.54,58.44,45.39,53.59,14.50,34.38,45.43,74.78,5.42,51.88,33.36,46.05,22.35,67.58,47.20,40.12,52.49,31.74,7.62,32.99,45.40,48.18,72.31,41.26,17.25,42.47,68.28,39.11,36.73,24.37,23.40,26.61,14.57,55.36,75.92,12.41,31.21,41.35,43.41,13.03,13.59,23.14,60.36,54.47,44.90,23.69,27.44,16.64,1.66,49.49,37.85,43.68,13.72,72.78,32.27,58.98,46.94,85.73,23.97,49.39,49.78,59.36,22.21,15.35,40.98,43.86,45.46,59.91,73.95,30.98,30.16,78.80,51.33,27.83,0.00,59.15,23.31,64.84,13.83,52.31,27.05,36.80,37.68,44.56,47.75,36.93,23.95,21.08,28.25,72.54,56.64,28.38,66.65
84.66,22.24,58.40,80.65,6.16,65.62,85.74,82.46,42.30,96.24,55.27,61.15,35.26,77.58,86.15,63.73,33.49,25.97,36.25,48.26,9.87,16.51,38.65,63.45,57.67,52.68,39.89,24.04,105.79,74.48,94.86,58.21,27.39,18.04,32.80,72.11,47.98,47.33,37.09,46.62,91.43,33.57,51.61,29.28,45.07,99.49,68.44,56.78,79.38,18.11,83.55,37.63,82.82,32.07,75.43,57.63,64.72,96.17,26.80,72.32,73.64,38.81,15.39,63.71,33.91,67.44,107.76,53.58,5.87,68.83,44.36,52.12,99.00,80.30,51.48,94.26,89.52,30.10,27.19,29.09,67.61,59.15,0.00,79.12,69.87,56.55,60.86,81.22,52.36,36.24,27.02,82.40,92.08,37.91,40.91,31.22,76.77,54.42,31.32,46.58
29.60,60.14,25.32,40.17,84.96,62.61,28.90,10.95,81.67,48.38,75.71,18.51,57.65,60.96,93.26,22.05,75.18,54.49,69.35,45.29,88.25,64.96,63.39,73.22,52.52,27.27,44.67,60.94,40.10,92.95,41.94,37.92,57.38,90.27,52.56,52.87,47.26,46.41,42.74,37.76,67.18,98.87,27.51,53.28,64.27,39.61,25.73,22.65,26.82,82.74,69.64,68.19,13.60,47.20,10.28,24.19,69.69,29.74,66.67,11.18,93.62,44.77,81.12,67.15,107.99,40.27,38.85,53.24,80.28,14.51,37.92,45.00,41.59,59.77,82.66,89.92,24.16,52.18,100.95,74.52,21.34,23.31,79.12,0.00,85.51,35.44,73.51,32.07,40.93,49.92,59.18,61.67,36.53,41.33,44.15,49.80,92.78,78.99,47.86,89.85
65.81,75.74,62.45,53.23,70.25,23.35,67.39,79.57,28.70,61.59,15.21,78.59,42.24,31.52,16.36,63.94,36.40,58.74,34.45,44.06,69.99,73.85,34.95,12.37,33.21,66.39,81.45,79.39,82.16,7.48,65.67,47.95,79.63,60.89,81.19,35.79,42.11,43.42,71.93,54.80,39.66,53.01,71.17,54.38,29.02,73.59,60.02,75.99,63.96,54.08,28.83,33.52,77.69,63.65,75.65,64.91,15.88,78.56,44.81,74.34,8.13,79.91,55.93,18.39,67.97,46.06,86.68,102.63,64.84,86.98,57.42,95.65,71.12,34.91,19.27,26.88,75.44,54.84,64.87,40.78,91.88,64.84,69.87,85.51,0.00,51.06,12.80,60.79,92.67,82.72,81.21,35.03,67.30,69.12,51.77,57.37,8.08,15.46,64.48,29.04
28.36,45.74,11.44,24.97,61.22,29.50,29.57,32.25,47.03,40.55,40.31,28.04,25.43,33.07,61.06,13.39,41.89,31.09,35.56,10.78,63.67,47.98,29.34,38.69,17.91,17.18,40.33,48.47,49.65,58.53,38.43,3.78,46.36,62.17,44.49,24.48,12.46,12.00,31.73,11.04,44.48,67.34,22.75,27.28,29.13,42.98,13.19,26.21,23.32,53.66,41.97,34.15,31.31,28.35,26.56,14.10,35.66,40.78,35.85,24.49,59.03,39.20,52.86,33.11,78.73,13.26,52.15,59.73,55.40,36.04,14.44,51.28,42.45,33.72,47.29,60.85,34.68,26.51,72.14,42.29,41.45,13.83,56.55,35.44,51.06,0.00,38.60,24.68,47.39,44.07,48.48,36.10,35.54,28.49,15.67,25.97,58.72,43.55,29.49,55.04
55.92,64.30,49.92,44.06,62.13,13.55,57.51,68.20,23.53,54.74,6.95,65.89,30.34,25.36,26.72,51.70,28.32,46.94,24.61,31.26,62.44,62.90,23.59,2.86,20.98,53.62,68.99,67.93,73.91,20.16,57.77,35.67,67.89,54.60,69.11,26.79,29.31,30.62,59.42,41.99,36.98,49.87,58.37,42.40,17.19,65.41,48.35,63.22,53.42,46.83,26.56,23.31,66.49,51.33,63.85,52.31,6.54,69.10,34.57,62.34,20.51,67.46,48.19,8.04,64.69,35.02,78.13,90.16,56.33,74.37,44.63,83.04,63.23,28.99,16.15,33.40,65.30,42.77,60.43,32.38,79.15,52.31,60.86,73.51,12.80,38.60,0.00,50.85,79.99,70.48,69.57,29.95,58.57,56.54,39.05,45.15,20.84,10.30,52.20,27.49
5.06,69.04,26.21,8.60,85.88,37.69,6.65,22.28,66.73,18.51,55.34,38.20,49.06,31.52,64.92,21.71,63.82,55.61,57.28,34.13,88.29,71.92,51.16,49.56,32.27,34.54,60.02,71.38,25.49,67.78,14.34,23.49,68.77,86.26,65.86,25.08,35.15,35.28,53.11,34.99,35.37,89.87,39.42,51.94,48.71,18.32,14.18,39.31,5.30,77.61,39.34,55.63,19.70,51.90,22.42,28.62,45.36,18.42,59.64,23.49,68.79,59.27,77.04,43.11,102.22,16.89,28.69,76.16,80.04,41.81,37.87,67.30,17.82,29.45,64.20,59.46,14.67,51.15,95.88,65.08,49.13,27.05,81.22,32.07,60.79,24.68,50.85,0.00,63.02,64.63,70.90,30.97,10.86,50.17,40.32,50.41,66.90,59.14,52.99,73.98
63.34,30.12,38.43,68.12,58.46,75.00,63.47,49.89,75.81,81.53,78.52,25.30,51.79,80.43,105.68,41.68,66.33,37.80,63.18,49.65,62.20,35.85,59.55,81.18,62.80,30.51,13.33,28.64,79.58,99.72,76.61,51.15,25.05,68.70,19.56,71.88,51.35,49.98,21.43,39.07,91.59,82.06,24.89,40.56,64.26,77.01,49.61,23.71,58.38,64.05,89.28,63.03,51.82,30.41,44.25,35.50,79.44,68.80,55.04,41.66,99.72,14.81,61.47,77.12,85.97,59.94,79.13,13.16,56.10,26.49,35.87,4.31,78.19,81.08,81.31,107.50,62.20,39.72,79.00,63.39,20.85,36.80,52.36,40.93,92.67,47.39,79.99,63.02,0.00,16.12,25.81,83.44,71.71,23.80,40.95,36.72,100.76,80.34,29.95,83.53
66.19,14.00,38.43,67.90,42.35,67.94,66.70,56.73,62.71,82.73,67.88,31.67,40.56,75.66,96.99,43.09,52.88,24.64,50.72,42.74,46.09,19.73,48.16,72.10,56.16,30.10,5.25,12.74,84.98,89.36,78.91,47.50,9.04,52.73,3.46,67.62,44.02,42.69,12.39,33.64,88.14,66.46,25.65,28.49,53.72,80.90,50.47,28.11,60.81,48.50,84.01,50.89,58.07,19.17,50.10,36.06,71.09,74.30,41.54,47.07,89.14,5.46,45.83,69.02,69.89,57.32,85.46,20.58,40.04,36.78,30.06,16.32,81.50,76.99,69.23,100.61,67.40,27.93,62.93,49.49,33.46,37.68,36.24,49.92,82.72,44.07,70.48,64.63,16.12,0.00,10.14,79.39,74.60,15.67,32.90,25.35,90.74,69.13,18.28,70.01
72.99,5.99,44.88,73.18,32.99,69.01,73.65,65.26,58.56,88.47,66.05,40.72,39.24,78.12,96.29,49.93,48.58,22.65,47.62,44.92,36.73,10.89,46.26,71.51,57.89,36.96,14.98,2.99,92.61,87.40,85.24,51.54,2.13,44.30,6.86,70.60,45.81,44.60,17.95,37.50,91.22,58.82,33.39,27.34,52.41,87.94,56.77,36.83,67.53,41.16,85.98,48.13,66.37,20.57,58.42,42.90,71.11,82.08,37.62,55.31,87.00,14.54,38.35,69.28,60.92,61.58,93.45,26.93,31.43,46.53,34.04,25.17,88.26,79.86,66.02,101.22,75.16,27.16,54.12,44.72,43.54,44.56,27.02,59.18,81.21,48.48,69.57,70.90,25.81,10.14,0.00,82.23,81.27,20.74,34.99,25.40,89.06,66.76,19.44,65.23
35.34,78.34,45.69,22.38,85.28,18.14,36.77,52.90,52.45,26.76,36.61,62.03,47.25,5.00,34.83,44.17,54.37,61.19,48.70,37.32,86.52,79.04,44.38,27.45,25.04,53.00,76.08,81.58,48.08,40.77,31.59,32.38,80.19,80.73,79.31,11.77,36.58,37.72,67.01,45.78,9.12,78.73,58.63,56.41,38.67,39.61,37.18,61.27,35.62,72.21,8.44,46.96,50.46,61.69,51.44,48.69,23.43,46.34,56.04,51.41,42.11,74.84,72.81,22.54,93.15,23.79,52.86,95.82,79.14,68.31,49.35,87.36,36.88,2.40,46.06,28.51,44.94,56.17,88.14,57.51,74.93,47.75,82.40,61.67,35.03,36.10,29.95,30.97,83.44,79.39,82.23,0.00,34.27,63.73,47.24,57.17,39.16,40.21,62.81,57.36
8.44,79.63,36.40,14.58,96.73,45.06,8.26,25.64,76.18,12.18,63.70,46.47,59.67,36.29,69.11,31.51,73.91,66.45,67.38,44.81,99.11,82.64,61.36,56.92,41.63,44.54,69.83,81.87,15.53,73.87,5.42,34.24,79.16,96.90,76.01,31.85,45.73,45.94,63.38,45.81,35.99,100.00,49.08,62.80,58.43,7.59,24.55,48.22,13.79,88.22,42.60,65.69,22.94,62.59,28.51,38.56,52.60,12.24,70.24,30.49,75.03,69.18,87.72,50.59,112.64,26.72,19.56,84.85,90.87,48.52,48.62,76.02,7.03,33.42,72.88,61.73,13.21,62.01,106.40,75.40,55.97,36.93,92.08,36.53,67.30,35.54,58.57,10.86,71.71,74.60,81.27,34.27,0.00,60.53,51.18,61.25,72.64,67.54,63.67,83.11
52.27,19.65,24.16,52.74,43.87,52.80,52.96,45.77,52.43,67.88,54.78,23.24,28.01,60.05,82.64,29.27,43.26,15.65,39.62,27.38,47.29,23.86,35.77,57.90,40.83,16.45,12.71,21.45,72.12,76.07,64.51,31.86,18.62,50.76,16.02,51.96,28.80,27.45,3.28,17.97,72.47,61.96,13.92,17.25,40.50,67.25,36.04,18.87,46.81,44.37,68.48,39.36,46.57,7.44,38.76,22.29,56.49,61.72,32.23,35.62,76.02,11.30,42.21,54.29,68.65,41.75,73.19,33.73,39.61,31.19,14.39,26.54,67.53,61.34,57.57,85.52,54.81,16.30,61.51,40.76,31.19,23.95,37.91,41.33,69.12,28.49,56.54,50.17,23.80,15.67,20.74,63.73,60.53,0.00,17.81,13.23,77.20,56.55,7.52,60.35
43.80,31.34,19.50,40.31,45.70,35.07,44.92,44.24,38.88,55.96,37.98,30.30,13.79,43.19,64.89,24.39,31.31,15.49,25.98,9.98,48.28,32.86,20.66,40.25,23.29,17.78,30.51,34.44,65.01,58.89,54.09,17.73,32.96,47.70,32.36,35.61,11.12,9.81,20.92,6.55,56.23,54.83,20.92,11.62,23.96,58.58,27.80,26.60,38.58,39.52,51.27,25.14,43.98,14.46,37.55,20.01,38.70,55.70,22.59,34.75,58.96,29.06,38.34,36.49,64.88,27.57,67.22,51.53,39.99,39.39,6.70,44.08,58.12,44.87,42.16,67.78,49.25,10.84,58.05,30.38,42.43,21.08,40.91,44.15,51.77,15.67,39.05,40.32,40.95,32.90,34.99,47.24,51.18,17.81,0.00,10.54,59.84,40.20,15.58,47.12
53.61,21.17,27.30,50.79,36.44,43.62,54.63,51.77,39.22,66.44,42.59,33.35,15.33,52.91,71.73,32.60,30.05,5.26,26.47,19.96,39.35,22.33,23.05,46.83,32.55,22.56,24.38,24.46,74.63,64.06,64.37,28.25,23.48,40.47,24.01,45.71,20.60,19.47,15.28,15.48,66.24,50.01,23.21,4.09,28.38,68.54,37.28,29.07,48.27,33.09,60.62,26.31,51.92,6.40,44.81,26.82,46.05,64.96,19.15,41.78,63.88,22.80,31.34,44.11,58.21,38.11,76.54,45.42,31.12,42.15,13.16,39.07,68.24,54.84,44.64,75.97,58.30,3.08,51.16,27.70,43.42,28.25,31.22,49.80,57.37,25.97,45.15,50.41,36.72,25.35,25.40,57.17,61.25,13.23,10.54,0.00,65.40,44.03,7.12,47.12
71.84,83.53,70.15,58.99,76.77,30.22,73.41,86.42,34.84,65.91,23.01,86.42,50.22,36.37,11.33,71.42,43.32,66.66,41.95,52.04,76.26,81.47,42.84,20.12,40.82,74.31,89.52,87.19,87.08,2.92,70.55,55.51,87.51,66.68,89.17,41.83,50.11,51.43,80.00,62.80,42.22,57.39,79.15,62.36,37.02,78.55,67.15,83.90,70.38,60.38,31.87,41.15,84.44,71.70,82.80,72.67,23.15,84.24,52.32,81.62,4.50,87.98,62.41,25.71,72.17,52.92,91.76,110.69,71.56,94.72,65.46,103.74,75.92,39.48,25.40,24.21,81.56,62.84,69.71,47.73,99.75,72.54,76.77,92.78,8.08,58.72,20.84,66.90,100.76,90.74,89.06,39.16,72.64,77.20,59.84,65.40,0.00,22.66,72.51,33.61
64.17,61.12,54.33,52.96,54.87,23.16,65.75,74.79,14.00,64.52,3.85,69.25,28.70,35.56,31.77,56.94,20.94,44.67,19.33,34.44,54.73,58.87,20.99,12.99,27.45,56.62,68.40,64.77,83.02,20.73,67.15,41.23,65.29,46.02,67.31,36.15,32.40,33.51,59.10,44.48,47.26,39.95,60.77,40.64,16.25,74.61,54.79,66.10,61.15,38.85,36.75,18.64,73.33,50.42,69.82,56.35,16.79,77.54,29.69,67.97,20.25,66.82,40.59,17.90,54.88,42.63,87.06,89.43,49.40,78.10,46.50,82.98,72.57,39.18,5.85,41.08,73.25,41.25,50.98,25.33,82.13,56.64,54.42,78.99,15.46,43.55,10.30,59.14,80.34,69.13,66.76,40.21,67.54,56.55,40.20,44.03,22.66,0.00,51.12,17.19
55.67,16.25,28.01,54.42,37.11,50.12,56.53,51.32,45.86,69.93,49.71,30.22,22.44,58.75,78.73,33.36,36.41,8.21,33.30,25.54,40.40,19.01,30.14,53.83,38.67,21.49,17.33,19.07,76.21,71.18,67.23,32.34,17.38,43.36,17.14,51.16,26.52,25.27,8.66,18.45,71.79,54.45,20.39,10.66,35.50,70.72,39.20,25.82,50.22,36.85,66.74,33.25,51.84,1.15,44.27,26.78,52.92,66.10,25.20,41.14,71.00,15.75,34.72,50.90,61.25,42.38,77.68,38.31,32.53,38.48,15.21,32.11,70.70,60.44,51.61,82.66,59.28,9.91,54.12,33.66,38.70,28.38,31.32,47.86,64.48,29.49,52.20,52.99,29.95,18.28,19.44,62.81,63.67,7.52,15.58,7.12,72.51,51.12,0.00,53.60
78.90,59.26,64.54,68.60,45.22,39.93,80.44,87.25,8.25,81.06,20.75,77.42,33.47,52.64,44.59,68.12,17.22,45.79,21.20,44.62,44.05,55.59,26.63,30.17,41.71,64.83,70.57,62.73,98.65,30.84,83.20,53.56,64.22,33.70,67.51,52.51,42.72,43.47,62.22,52.80,64.44,23.98,67.92,43.12,26.00,90.40,67.53,73.69,75.30,28.76,53.87,21.99,86.13,53.23,81.55,66.00,33.96,92.34,28.56,79.30,29.59,69.00,31.27,34.90,38.93,57.12,102.44,90.56,40.86,86.51,53.82,85.43,88.55,56.25,11.35,55.92,87.47,44.05,36.11,20.58,89.33,66.65,46.58,89.85,29.04,55.04,27.49,73.98,83.53,70.01,65.23,57.36,83.11,60.35,47.12,47.12,33.61,17.19,53.60,0.00
